Count Scores
----- ------
    2  98.00
    1  97.00
    1  96.00
    1  93.00
    2  91.00
    2  90.00
    1  89.00
    1  85.00
    1  84.00
    2  81.00
    1  80.00
    1  79.00
    1  77.00
    1  76.00
    3  75.00
    1  74.00
    1  73.00
    1  72.00
    1  71.00
    3  70.00
    1  69.00
    1  68.00
    2  67.00
    1  66.00
    1  65.00
    1  64.00
    3  62.00
    2  61.00
    3  60.00
    2  59.00
    1  58.00
    1  57.00
    1  55.00
    2  54.00
    1  52.00
    1  51.00
    1  50.00
    1  49.00
    1  48.00
    1  47.00
    2  46.00
    1  45.00
    3  42.00
    2  41.00
    1  40.00
    1  39.00
    3  37.00
    3  35.00
    1  34.00
    2  33.00
    1  32.00
    1  31.00
    1  29.00
    2  26.00
    2  25.00
    1  20.00
    1  15.00
    1  11.00
    1   0.00
