Count Scores
----- ------
    6 100.00
    2  99.00
    4  98.75
    1  98.50
    2  97.75
    2  96.25
    1  95.75
    1  95.25
    1  95.00
    2  94.75
    1  94.25
    1  93.50
    1  93.00
    1  91.75
    1  91.25
    2  87.25
    1  87.00
    1  83.75
    2  81.75
    1  80.00
    1  79.75
    1  77.75
    1  77.25
    1  77.00
    1  75.00
    1  74.00
    1  73.75
    1  72.75
    1  72.00
    1  70.00
    1  63.50
    1  62.50
    1  61.75
    1  60.75
    1  59.75
    1  58.00
    1  57.75
    1  57.25
    1  56.75
    1  56.00
    1  53.75
    1  52.50
    1  50.00
    1  48.75
    1  48.50
    1  48.00
    1  47.00
    1  44.00
    1  41.00
    1  26.00
    3  25.00
    4  23.25
    1  20.50
    1   4.75
    1   2.50
   12   0.00
