Count Scores
----- ------
    3 100.00
    3  99.75
    1  99.50
    2  98.75
    1  97.50
    1  96.25
    2  96.00
    1  94.00
    1  93.25
    2  92.75
    1  92.25
    1  91.75
    1  91.50
    1  91.00
    2  89.50
    1  88.25
    1  87.75
    1  87.50
    1  87.25
    1  82.00
    1  80.50
    1  79.50
    1  77.00
    1  74.75
    1  74.25
    2  73.00
    1  72.00
    1  71.25
    1  67.75
    1  67.00
    1  66.00
    1  65.25
    1  64.75
    1  62.25
    2  61.00
    1  58.25
    2  58.00
    1  57.00
    1  56.00
    1  55.75
    1  54.00
    1  52.25
    1  51.25
    1  50.50
    1  50.00
    1  48.50
    1  47.25
    1  37.50
    1  37.25
    1  35.25
    1  35.00
    1  32.25
    1  31.25
    1   7.75
    1   6.25
   20   0.00
