Count Scores
----- ------
    3 100.00
    2  99.75
    1  98.50
    1  98.25
    1  98.00
    1  97.75
    1  95.75
    1  93.25
    1  92.00
    1  91.00
    1  90.00
    1  87.50
    1  86.50
    1  86.00
    1  84.00
    2  83.25
    1  83.00
    1  80.00
    1  78.00
    1  77.25
    1  75.75
    1  69.50
    1  69.25
    1  68.50
    1  62.25
    1  58.75
    1  55.00
    1  53.25
    1  49.75
    1  48.50
    1  43.75
    4  42.25
    1  39.75
    1  37.50
    1  36.50
    1  33.50
    1  30.25
    1  30.00
    1  29.75
    1  26.50
    1  26.25
    2  25.00
    1  24.75
    1  22.00
    1  18.75
    1  15.00
    1  13.25
    2  12.00
    1  11.75
    1   6.75
    1   2.50
   26   0.00
