Count Scores
----- ------
    1 100.00
    1  97.00
    2  96.00
    3  95.00
    3  94.00
    2  93.00
    3  90.00
    4  88.00
    2  87.00
    1  84.00
    1  83.00
    1  82.00
    3  81.00
    4  80.00
    2  78.00
    1  77.00
    2  76.00
    1  74.00
    1  73.00
    1  72.00
    1  71.00
    1  69.00
    1  68.00
    2  63.00
    2  62.00
    1  61.00
    1  53.00
    1  52.00
    1  49.00
    1  48.00
    1  47.00
    3  44.00
    1  43.00
    1  39.00
    1  36.00
    2  35.00
    2  30.00
    1  27.00
    1  25.00
    1  24.00
    1  21.00
    1  15.00
    1  14.00
    1  13.00
    1  12.00
    2   8.00
   14   0.00
