Count Scores
----- ------
    1 102.00
    2  97.00
    1  91.00
    3  88.00
    1  86.00
    2  85.00
    1  84.00
    1  82.00
    3  81.00
    1  80.00
    1  77.00
    1  75.00
    1  74.00
    1  71.00
    2  70.00
    3  68.00
    1  66.00
    2  63.00
    3  61.00
    1  59.00
    1  58.00
    1  57.00
    1  55.00
    1  54.00
    3  53.00
    1  52.00
    1  51.00
    1  50.00
    1  47.00
    1  45.00
    1  41.00
    5  39.00
    2  38.00
    1  37.00
    1  30.00
    1  28.00
    1  27.00
    3  26.00
    1  25.00
    3  23.00
    1  20.00
    2  18.00
    1  17.00
    1  15.00
    1  14.00
    1  11.00
    1  10.00
    1   7.00
    1   4.00
    1   3.00
   12   0.00
