Count Scores
----- ------
    2 100.00
    2  99.75
    1  98.75
    1  98.50
    3  97.50
    5  97.25
    4  96.25
    2  96.00
    2  95.75
    2  95.50
    1  95.25
    1  95.00
    2  94.75
    1  94.50
    1  94.25
    2  94.00
    2  93.75
    3  93.50
    3  93.25
    1  92.50
    1  91.25
    1  90.75
    1  90.50
    1  90.00
    1  89.50
    1  89.25
    1  88.75
    1  87.00
    1  86.25
    1  86.00
    1  85.75
    2  83.25
    1  79.50
    1  79.00
    1  78.75
    1  77.50
    1  77.00
    1  76.25
    1  76.00
    1  71.25
    1  65.00
    1  45.00
    1  10.00
    1   6.75
   20   0.00
