181 371 0
182 371 0
183 371 0
184 371 0
185 371 0
186 371 0
187 371 0
188 371 0
189 371 0
190 371 0
191 371 0
192 371 0
193 371 0
194 371 0
195 371 0
196 371 0
197 371 0
198 371 0
199 371 0
200 371 0
201 371 0
202 371 0
203 371 0
204 371 0
205 371 0
206 371 0
207 371 0
208 371 0
209 371 0
210 371 0
211 371 0
212 371 0
213 371 0
214 371 0
215 371 0
216 371 0
217 371 0
218 371 0
219 371 0
264 371 0
268 371 0
269 371 0
270 371 0
271 371 0
273 371 0
274 371 0
275 371 0
276 371 0
277 371 0
278 371 0
279 371 0
181 372 0
182 372 0
183 372 0
184 372 0
185 372 0
186 372 0
187 372 0
188 372 0
189 372 0
190 372 0
191 372 0
192 372 0
193 372 0
194 372 0
195 372 0
196 372 0
197 372 0
198 372 0
199 372 0
200 372 0
201 372 0
202 372 0
203 372 0
204 372 0
205 372 0
206 372 0
207 372 0
208 372 0
209 372 0
210 372 0
211 372 0
212 372 0
213 372 0
214 372 0
215 372 0
216 372 0
217 372 0
218 372 0
219 372 0
271 372 0
272 372 0
273 372 0
274 372 0
275 372 0
276 372 0
277 372 0
278 372 0
279 372 0
181 373 0
182 373 0
183 373 0
184 373 0
185 373 0
186 373 0
187 373 0
188 373 0
189 373 0
190 373 0
191 373 0
192 373 0
193 373 0
194 373 0
195 373 0
196 373 0
197 373 0
198 373 0
199 373 0
200 373 0
201 373 0
202 373 0
203 373 0
204 373 0
205 373 0
206 373 0
207 373 0
208 373 0
209 373 0
210 373 0
211 373 0
212 373 0
213 373 0
214 373 0
215 373 0
216 373 0
217 373 0
218 373 0
219 373 0
270 373 0
273 373 0
274 373 0
275 373 0
276 373 0
277 373 0
278 373 0
279 373 0
181 374 0
182 374 0
183 374 0
184 374 0
185 374 0
186 374 0
187 374 0
188 374 0
189 374 0
190 374 0
191 374 0
192 374 0
193 374 0
194 374 0
195 374 0
196 374 0
197 374 0
198 374 0
199 374 0
200 374 0
201 374 0
202 374 0
203 374 0
204 374 0
205 374 0
206 374 0
207 374 0
208 374 0
209 374 0
210 374 0
211 374 0
212 374 0
213 374 0
214 374 0
215 374 0
216 374 0
217 374 0
218 374 0
219 374 0
272 374 0
273 374 0
274 374 0
275 374 0
276 374 0
277 374 0
278 374 0
279 374 0
181 375 0
182 375 0
183 375 0
184 375 0
185 375 0
186 375 0
187 375 0
188 375 0
189 375 0
190 375 0
191 375 0
192 375 0
193 375 0
194 375 0
195 375 0
196 375 0
197 375 0
198 375 0
199 375 0
200 375 0
201 375 0
202 375 0
203 375 0
204 375 0
205 375 0
206 375 0
207 375 0
208 375 0
209 375 0
210 375 0
211 375 0
212 375 0
213 375 0
214 375 0
215 375 0
216 375 0
217 375 0
218 375 0
219 375 0
274 375 0
275 375 0
276 375 0
277 375 0
278 375 0
279 375 0
181 376 0
182 376 0
183 376 0
184 376 0
185 376 0
186 376 0
187 376 0
188 376 0
189 376 0
190 376 0
191 376 0
192 376 0
193 376 0
194 376 0
195 376 0
196 376 0
197 376 0
198 376 0
199 376 0
200 376 0
201 376 0
202 376 0
203 376 0
204 376 0
205 376 0
206 376 0
207 376 0
208 376 0
209 376 0
210 376 0
211 376 0
212 376 0
213 376 0
214 376 0
215 376 0
216 376 0
217 376 0
218 376 0
219 376 0
181 377 0
182 377 0
183 377 0
184 377 0
185 377 0
186 377 0
187 377 0
188 377 0
189 377 0
190 377 0
191 377 0
192 377 0
193 377 0
194 377 0
195 377 0
196 377 0
197 377 0
198 377 0
199 377 0
200 377 0
201 377 0
202 377 0
203 377 0
204 377 0
205 377 0
206 377 0
207 377 0
208 377 0
209 377 0
210 377 0
211 377 0
212 377 0
213 377 0
214 377 0
215 377 0
216 377 0
217 377 0
218 377 0
181 378 0
182 378 0
183 378 0
184 378 0
185 378 0
186 378 0
187 378 0
188 378 0
189 378 0
190 378 0
191 378 0
192 378 0
193 378 0
194 378 0
195 378 0
196 378 0
197 378 0
198 378 0
199 378 0
200 378 0
201 378 0
202 378 0
203 378 0
204 378 0
205 378 0
206 378 0
207 378 0
208 378 0
209 378 0
210 378 0
211 378 0
212 378 0
213 378 0
214 378 0
215 378 0
216 378 0
217 378 0
181 379 0
182 379 0
183 379 0
184 379 0
185 379 0
186 379 0
187 379 0
188 379 0
189 379 0
190 379 0
191 379 0
192 379 0
193 379 0
194 379 0
195 379 0
196 379 0
197 379 0
198 379 0
199 379 0
200 379 0
201 379 0
202 379 0
203 379 0
204 379 0
205 379 0
206 379 0
207 379 0
208 379 0
209 379 0
210 379 0
211 379 0
212 379 0
213 379 0
214 379 0
215 379 0
216 379 0
217 379 0
181 380 0
182 380 0
183 380 0
184 380 0
185 380 0
186 380 0
187 380 0
188 380 0
189 380 0
190 380 0
191 380 0
192 380 0
193 380 0
194 380 0
195 380 0
196 380 0
197 380 0
198 380 0
199 380 0
200 380 0
201 380 0
202 380 0
203 380 0
204 380 0
205 380 0
206 380 0
207 380 0
208 380 0
209 380 0
210 380 0
211 380 0
212 380 0
213 380 0
214 380 0
215 380 0
216 380 0
217 380 0
181 381 0
182 381 0
183 381 0
184 381 0
185 381 0
186 381 0
187 381 0
188 381 0
189 381 0
190 381 0
191 381 0
192 381 0
193 381 0
194 381 0
195 381 0
196 381 0
197 381 0
198 381 0
199 381 0
200 381 0
201 381 0
202 381 0
203 381 0
204 381 0
205 381 0
206 381 0
207 381 0
208 381 0
209 381 0
210 381 0
211 381 0
212 381 0
213 381 0
214 381 0
215 381 0
216 381 0
181 382 0
182 382 0
183 382 0
184 382 0
185 382 0
186 382 0
187 382 0
188 382 0
189 382 0
190 382 0
191 382 0
192 382 0
193 382 0
194 382 0
195 382 0
196 382 0
197 382 0
198 382 0
199 382 0
200 382 0
201 382 0
202 382 0
203 382 0
204 382 0
205 382 0
206 382 0
207 382 0
208 382 0
209 382 0
210 382 0
211 382 0
212 382 0
213 382 0
214 382 0
215 382 0
181 383 0
182 383 0
183 383 0
184 383 0
185 383 0
186 383 0
187 383 0
188 383 0
189 383 0
190 383 0
191 383 0
192 383 0
193 383 0
194 383 0
195 383 0
196 383 0
197 383 0
198 383 0
199 383 0
200 383 0
201 383 0
202 383 0
203 383 0
204 383 0
205 383 0
206 383 0
207 383 0
208 383 0
209 383 0
210 383 0
211 383 0
212 383 0
213 383 0
214 383 0
187 384 0
188 384 0
189 384 0
190 384 0
191 384 0
192 384 0
193 384 0
194 384 0
195 384 0
196 384 0
197 384 0
198 384 0
199 384 0
200 384 0
201 384 0
202 384 0
203 384 0
204 384 0
205 384 0
206 384 0
207 384 0
208 384 0
209 384 0
210 384 0
211 384 0
212 384 0
189 385 0
190 385 0
191 385 0
192 385 0
193 385 0
194 385 0
195 385 0
196 385 0
197 385 0
198 385 0
199 385 0
200 385 0
201 385 0
202 385 0
203 385 0
204 385 0
205 385 0
206 385 0
207 385 0
208 385 0
209 385 0
210 385 0
211 385 0
212 385 0
189 386 0
190 386 0
191 386 0
192 386 0
193 386 0
194 386 0
195 386 0
196 386 0
197 386 0
198 386 0
199 386 0
200 386 0
201 386 0
202 386 0
203 386 0
204 386 0
205 386 0
206 386 0
207 386 0
208 386 0
209 386 0
210 386 0
211 386 0
212 386 0
250 386 0
251 386 0
191 387 0
192 387 0
193 387 0
194 387 0
195 387 0
196 387 0
197 387 0
198 387 0
199 387 0
200 387 0
201 387 0
202 387 0
203 387 0
204 387 0
205 387 0
206 387 0
207 387 0
208 387 0
209 387 0
210 387 0
211 387 0
249 387 0
250 387 0
251 387 0
252 387 0
253 387 0
192 388 0
193 388 0
194 388 0
195 388 0
196 388 0
197 388 0
198 388 0
199 388 0
200 388 0
201 388 0
202 388 0
203 388 0
204 388 0
205 388 0
206 388 0
207 388 0
208 388 0
209 388 0
210 388 0
211 388 0
212 388 0
249 388 0
250 388 0
251 388 0
252 388 0
253 388 0
193 389 0
194 389 0
195 389 0
196 389 0
197 389 0
198 389 0
199 389 0
200 389 0
201 389 0
202 389 0
203 389 0
204 389 0
205 389 0
206 389 0
207 389 0
208 389 0
209 389 0
210 389 0
211 389 0
212 389 0
213 389 0
247 389 0
248 389 0
249 389 0
250 389 0
251 389 0
252 389 0
253 389 0
194 390 0
195 390 0
200 390 0
201 390 0
202 390 0
203 390 0
204 390 0
205 390 0
206 390 0
207 390 0
208 390 0
210 390 0
211 390 0
212 390 0
213 390 0
246 390 0
247 390 0
248 390 0
249 390 0
250 390 0
251 390 0
252 390 0
201 391 0
202 391 0
203 391 0
204 391 0
205 391 0
206 391 0
207 391 0
214 391 0
242 391 0
246 391 0
247 391 0
248 391 0
249 391 0
250 391 0
251 391 0
201 392 0
202 392 0
203 392 0
204 392 0
205 392 0
217 392 0
218 392 0
219 392 0
220 392 0
221 392 0
241 392 0
242 392 0
243 392 0
244 392 0
245 392 0
246 392 0
247 392 0
248 392 0
249 392 0
250 392 0
251 392 0
252 392 0
253 392 0
201 393 0
202 393 0
203 393 0
204 393 0
219 393 0
220 393 0
221 393 0
222 393 0
223 393 0
224 393 0
241 393 0
242 393 0
243 393 0
244 393 0
245 393 0
246 393 0
247 393 0
248 393 0
249 393 0
250 393 0
251 393 0
252 393 0
253 393 0
254 393 0
255 393 0
202 394 0
203 394 0
204 394 0
205 394 0
219 394 0
220 394 0
221 394 0
222 394 0
223 394 0
224 394 0
225 394 0
226 394 0
227 394 0
228 394 0
229 394 0
239 394 0
240 394 0
241 394 0
242 394 0
243 394 0
244 394 0
245 394 0
246 394 0
247 394 0
248 394 0
249 394 0
250 394 0
251 394 0
252 394 0
253 394 0
254 394 0
255 394 0
269 394 0
270 394 0
273 394 0
274 394 0
275 394 0
276 394 0
277 394 0
278 394 0
202 395 0
203 395 0
204 395 0
205 395 0
219 395 0
220 395 0
221 395 0
222 395 0
223 395 0
224 395 0
225 395 0
226 395 0
227 395 0
228 395 0
229 395 0
230 395 0
231 395 0
232 395 0
234 395 0
235 395 0
236 395 0
237 395 0
238 395 0
239 395 0
240 395 0
241 395 0
242 395 0
243 395 0
244 395 0
245 395 0
246 395 0
247 395 0
248 395 0
249 395 0
250 395 0
251 395 0
252 395 0
253 395 0
254 395 0
269 395 0
270 395 0
271 395 0
272 395 0
273 395 0
274 395 0
275 395 0
276 395 0
277 395 0
278 395 0
279 395 0
203 396 0
204 396 0
205 396 0
218 396 0
219 396 0
220 396 0
221 396 0
222 396 0
223 396 0
224 396 0
225 396 0
226 396 0
227 396 0
228 396 0
229 396 0
230 396 0
231 396 0
232 396 0
233 396 0
234 396 0
235 396 0
236 396 0
237 396 0
238 396 0
239 396 0
240 396 0
241 396 0
242 396 0
243 396 0
244 396 0
245 396 0
246 396 0
247 396 0
248 396 0
249 396 0
250 396 0
251 396 0
252 396 0
253 396 0
254 396 0
267 396 0
268 396 0
269 396 0
278 396 0
279 396 0
201 397 0
202 397 0
203 397 0
204 397 0
205 397 0
206 397 0
207 397 0
208 397 0
216 397 0
217 397 0
218 397 0
219 397 0
220 397 0
221 397 0
222 397 0
223 397 0
224 397 0
225 397 0
226 397 0
227 397 0
228 397 0
229 397 0
230 397 0
231 397 0
232 397 0
233 397 0
234 397 0
235 397 0
236 397 0
237 397 0
238 397 0
239 397 0
240 397 0
241 397 0
242 397 0
243 397 0
244 397 0
245 397 0
246 397 0
247 397 0
248 397 0
249 397 0
250 397 0
251 397 0
252 397 0
253 397 0
261 397 0
267 397 0
268 397 0
269 397 0
199 398 0
200 398 0
201 398 0
202 398 0
203 398 0
204 398 0
205 398 0
206 398 0
207 398 0
208 398 0
217 398 0
218 398 0
219 398 0
220 398 0
221 398 0
222 398 0
223 398 0
224 398 0
225 398 0
226 398 0
227 398 0
228 398 0
229 398 0
230 398 0
231 398 0
232 398 0
233 398 0
234 398 0
235 398 0
236 398 0
237 398 0
238 398 0
239 398 0
240 398 0
241 398 0
242 398 0
243 398 0
244 398 0
245 398 0
246 398 0
247 398 0
248 398 0
249 398 0
250 398 0
259 398 0
198 399 0
199 399 0
200 399 0
201 399 0
202 399 0
203 399 0
204 399 0
205 399 0
206 399 0
207 399 0
208 399 0
218 399 0
219 399 0
220 399 0
221 399 0
222 399 0
223 399 0
224 399 0
225 399 0
226 399 0
227 399 0
228 399 0
229 399 0
230 399 0
231 399 0
232 399 0
233 399 0
234 399 0
235 399 0
236 399 0
237 399 0
238 399 0
239 399 0
240 399 0
241 399 0
242 399 0
243 399 0
244 399 0
245 399 0
246 399 0
247 399 0
248 399 0
249 399 0
250 399 0
255 399 0
256 399 0
257 399 0
195 400 0
196 400 0
197 400 0
198 400 0
199 400 0
200 400 0
201 400 0
202 400 0
203 400 0
204 400 0
205 400 0
206 400 0
207 400 0
208 400 0
209 400 0
210 400 0
211 400 0
212 400 0
213 400 0
214 400 0
215 400 0
216 400 0
217 400 0
218 400 0
219 400 0
220 400 0
221 400 0
222 400 0
223 400 0
224 400 0
225 400 0
226 400 0
227 400 0
228 400 0
229 400 0
230 400 0
231 400 0
232 400 0
233 400 0
234 400 0
235 400 0
236 400 0
237 400 0
238 400 0
239 400 0
240 400 0
241 400 0
242 400 0
243 400 0
244 400 0
245 400 0
246 400 0
247 400 0
248 400 0
249 400 0
250 400 0
193 401 0
194 401 0
195 401 0
196 401 0
197 401 0
198 401 0
199 401 0
200 401 0
201 401 0
202 401 0
203 401 0
204 401 0
205 401 0
206 401 0
207 401 0
208 401 0
209 401 0
210 401 0
211 401 0
212 401 0
213 401 0
214 401 0
215 401 0
216 401 0
217 401 0
218 401 0
219 401 0
220 401 0
221 401 0
222 401 0
223 401 0
224 401 0
225 401 0
226 401 0
227 401 0
228 401 0
229 401 0
230 401 0
231 401 0
232 401 0
233 401 0
234 401 0
235 401 0
236 401 0
237 401 0
238 401 0
239 401 0
240 401 0
241 401 0
242 401 0
243 401 0
244 401 0
245 401 0
246 401 0
247 401 0
248 401 0
249 401 0
193 402 0
194 402 0
195 402 0
196 402 0
197 402 0
198 402 0
199 402 0
200 402 0
201 402 0
202 402 0
203 402 0
204 402 0
205 402 0
206 402 0
207 402 0
208 402 0
209 402 0
210 402 0
211 402 0
212 402 0
213 402 0
214 402 0
215 402 0
216 402 0
217 402 0
218 402 0
219 402 0
220 402 0
221 402 0
222 402 0
223 402 0
224 402 0
225 402 0
226 402 0
227 402 0
228 402 0
229 402 0
230 402 0
231 402 0
232 402 0
233 402 0
234 402 0
235 402 0
236 402 0
237 402 0
238 402 0
239 402 0
240 402 0
241 402 0
242 402 0
243 402 0
244 402 0
245 402 0
246 402 0
247 402 0
248 402 0
249 402 0
257 402 0
258 402 0
259 402 0
260 402 0
261 402 0
262 402 0
263 402 0
193 403 0
194 403 0
195 403 0
196 403 0
197 403 0
198 403 0
199 403 0
200 403 0
201 403 0
202 403 0
203 403 0
204 403 0
205 403 0
206 403 0
207 403 0
208 403 0
209 403 0
210 403 0
211 403 0
212 403 0
213 403 0
214 403 0
215 403 0
216 403 0
217 403 0
218 403 0
219 403 0
220 403 0
221 403 0
222 403 0
223 403 0
224 403 0
225 403 0
226 403 0
227 403 0
228 403 0
229 403 0
230 403 0
231 403 0
232 403 0
233 403 0
234 403 0
235 403 0
236 403 0
237 403 0
238 403 0
239 403 0
240 403 0
241 403 0
242 403 0
243 403 0
244 403 0
245 403 0
246 403 0
247 403 0
248 403 0
249 403 0
250 403 0
251 403 0
252 403 0
253 403 0
254 403 0
255 403 0
256 403 0
257 403 0
258 403 0
260 403 0
261 403 0
262 403 0
263 403 0
192 404 0
193 404 0
194 404 0
195 404 0
196 404 0
197 404 0
198 404 0
199 404 0
200 404 0
201 404 0
202 404 0
203 404 0
204 404 0
205 404 0
206 404 0
207 404 0
208 404 0
209 404 0
210 404 0
211 404 0
212 404 0
213 404 0
214 404 0
215 404 0
216 404 0
217 404 0
218 404 0
219 404 0
220 404 0
221 404 0
222 404 0
223 404 0
224 404 0
225 404 0
226 404 0
227 404 0
228 404 0
229 404 0
230 404 0
231 404 0
232 404 0
233 404 0
234 404 0
235 404 0
236 404 0
237 404 0
238 404 0
239 404 0
240 404 0
241 404 0
242 404 0
243 404 0
244 404 0
245 404 0
246 404 0
247 404 0
248 404 0
249 404 0
250 404 0
251 404 0
252 404 0
253 404 0
254 404 0
255 404 0
256 404 0
257 404 0
258 404 0
259 404 0
260 404 0
261 404 0
262 404 0
263 404 0
264 404 0
270 404 0
192 405 0
193 405 0
194 405 0
195 405 0
196 405 0
197 405 0
198 405 0
199 405 0
200 405 0
201 405 0
202 405 0
203 405 0
204 405 0
205 405 0
206 405 0
207 405 0
208 405 0
209 405 0
210 405 0
211 405 0
212 405 0
213 405 0
214 405 0
215 405 0
216 405 0
217 405 0
218 405 0
219 405 0
220 405 0
221 405 0
222 405 0
223 405 0
224 405 0
225 405 0
226 405 0
227 405 0
228 405 0
229 405 0
230 405 0
231 405 0
232 405 0
233 405 0
234 405 0
235 405 0
236 405 0
237 405 0
238 405 0
239 405 0
240 405 0
241 405 0
242 405 0
243 405 0
244 405 0
245 405 0
246 405 0
247 405 0
248 405 0
249 405 0
250 405 0
251 405 0
252 405 0
253 405 0
254 405 0
255 405 0
256 405 0
257 405 0
258 405 0
259 405 0
260 405 0
261 405 0
262 405 0
263 405 0
264 405 0
269 405 0
270 405 0
191 406 0
192 406 0
193 406 0
194 406 0
195 406 0
196 406 0
197 406 0
198 406 0
199 406 0
200 406 0
201 406 0
202 406 0
203 406 0
204 406 0
205 406 0
206 406 0
207 406 0
208 406 0
209 406 0
210 406 0
211 406 0
212 406 0
213 406 0
214 406 0
215 406 0
216 406 0
217 406 0
218 406 0
219 406 0
220 406 0
221 406 0
222 406 0
223 406 0
224 406 0
225 406 0
226 406 0
227 406 0
228 406 0
229 406 0
230 406 0
231 406 0
232 406 0
233 406 0
234 406 0
235 406 0
236 406 0
237 406 0
238 406 0
239 406 0
240 406 0
241 406 0
242 406 0
243 406 0
244 406 0
245 406 0
246 406 0
247 406 0
248 406 0
249 406 0
250 406 0
251 406 0
252 406 0
253 406 0
254 406 0
255 406 0
256 406 0
257 406 0
258 406 0
259 406 0
260 406 0
261 406 0
262 406 0
263 406 0
264 406 0
265 406 0
269 406 0
270 406 0
191 407 0
192 407 0
193 407 0
194 407 0
195 407 0
196 407 0
197 407 0
198 407 0
199 407 0
200 407 0
201 407 0
202 407 0
203 407 0
204 407 0
205 407 0
206 407 0
207 407 0
208 407 0
209 407 0
210 407 0
211 407 0
212 407 0
213 407 0
214 407 0
215 407 0
216 407 0
217 407 0
218 407 0
219 407 0
220 407 0
221 407 0
222 407 0
223 407 0
224 407 0
225 407 0
226 407 0
227 407 0
228 407 0
229 407 0
230 407 0
231 407 0
232 407 0
233 407 0
234 407 0
235 407 0
236 407 0
237 407 0
238 407 0
239 407 0
240 407 0
241 407 0
242 407 0
243 407 0
244 407 0
245 407 0
246 407 0
247 407 0
248 407 0
249 407 0
250 407 0
251 407 0
252 407 0
253 407 0
254 407 0
255 407 0
256 407 0
257 407 0
258 407 0
259 407 0
260 407 0
261 407 0
262 407 0
263 407 0
264 407 0
265 407 0
267 407 0
268 407 0
269 407 0
270 407 0
183 408 0
184 408 0
185 408 0
186 408 0
187 408 0
188 408 0
189 408 0
190 408 0
191 408 0
192 408 0
193 408 0
194 408 0
195 408 0
196 408 0
197 408 0
198 408 0
199 408 0
200 408 0
201 408 0
202 408 0
203 408 0
204 408 0
205 408 0
206 408 0
207 408 0
208 408 0
209 408 0
210 408 0
211 408 0
212 408 0
213 408 0
214 408 0
215 408 0
216 408 0
217 408 0
218 408 0
219 408 0
220 408 0
221 408 0
222 408 0
223 408 0
224 408 0
225 408 0
226 408 0
227 408 0
228 408 0
229 408 0
230 408 0
231 408 0
232 408 0
233 408 0
234 408 0
235 408 0
236 408 0
237 408 0
238 408 0
239 408 0
240 408 0
241 408 0
242 408 0
243 408 0
244 408 0
245 408 0
246 408 0
247 408 0
248 408 0
249 408 0
250 408 0
251 408 0
252 408 0
253 408 0
254 408 0
255 408 0
256 408 0
257 408 0
258 408 0
259 408 0
260 408 0
261 408 0
262 408 0
263 408 0
264 408 0
265 408 0
266 408 0
267 408 0
268 408 0
269 408 0
270 408 0
271 408 0
279 408 0
182 409 0
183 409 0
184 409 0
185 409 0
186 409 0
187 409 0
188 409 0
189 409 0
190 409 0
191 409 0
192 409 0
193 409 0
194 409 0
195 409 0
196 409 0
197 409 0
198 409 0
199 409 0
200 409 0
201 409 0
202 409 0
203 409 0
204 409 0
205 409 0
206 409 0
207 409 0
208 409 0
209 409 0
210 409 0
211 409 0
212 409 0
213 409 0
214 409 0
215 409 0
216 409 0
217 409 0
218 409 0
219 409 0
220 409 0
221 409 0
222 409 0
223 409 0
224 409 0
225 409 0
226 409 0
227 409 0
228 409 0
229 409 0
230 409 0
231 409 0
232 409 0
233 409 0
234 409 0
235 409 0
236 409 0
237 409 0
238 409 0
239 409 0
240 409 0
241 409 0
242 409 0
243 409 0
244 409 0
245 409 0
246 409 0
247 409 0
248 409 0
249 409 0
250 409 0
251 409 0
252 409 0
253 409 0
254 409 0
255 409 0
256 409 0
257 409 0
258 409 0
259 409 0
260 409 0
261 409 0
262 409 0
263 409 0
264 409 0
265 409 0
266 409 0
267 409 0
268 409 0
269 409 0
270 409 0
271 409 0
277 409 0
278 409 0
279 409 0
182 410 0
183 410 0
184 410 0
185 410 0
186 410 0
187 410 0
188 410 0
189 410 0
190 410 0
191 410 0
192 410 0
193 410 0
194 410 0
195 410 0
196 410 0
197 410 0
198 410 0
199 410 0
200 410 0
201 410 0
202 410 0
203 410 0
204 410 0
205 410 0
206 410 0
207 410 0
208 410 0
209 410 0
210 410 0
211 410 0
212 410 0
213 410 0
214 410 0
215 410 0
216 410 0
217 410 0
218 410 0
219 410 0
220 410 0
221 410 0
222 410 0
223 410 0
224 410 0
225 410 0
226 410 0
227 410 0
228 410 0
229 410 0
230 410 0
231 410 0
232 410 0
233 410 0
234 410 0
235 410 0
236 410 0
237 410 0
238 410 0
239 410 0
240 410 0
241 410 0
242 410 0
243 410 0
244 410 0
245 410 0
246 410 0
247 410 0
248 410 0
249 410 0
250 410 0
251 410 0
252 410 0
253 410 0
254 410 0
255 410 0
256 410 0
257 410 0
258 410 0
259 410 0
260 410 0
261 410 0
262 410 0
263 410 0
264 410 0
265 410 0
266 410 0
267 410 0
268 410 0
269 410 0
270 410 0
271 410 0
272 410 0
273 410 0
274 410 0
275 410 0
276 410 0
277 410 0
278 410 0
279 410 0
183 411 0
184 411 0
185 411 0
186 411 0
187 411 0
188 411 0
189 411 0
190 411 0
191 411 0
192 411 0
193 411 0
194 411 0
195 411 0
196 411 0
197 411 0
198 411 0
199 411 0
200 411 0
201 411 0
202 411 0
203 411 0
204 411 0
205 411 0
206 411 0
207 411 0
208 411 0
209 411 0
210 411 0
211 411 0
212 411 0
213 411 0
214 411 0
215 411 0
216 411 0
217 411 0
218 411 0
219 411 0
220 411 0
221 411 0
222 411 0
223 411 0
224 411 0
225 411 0
226 411 0
227 411 0
228 411 0
229 411 0
230 411 0
231 411 0
232 411 0
233 411 0
234 411 0
235 411 0
236 411 0
237 411 0
238 411 0
239 411 0
240 411 0
241 411 0
242 411 0
243 411 0
244 411 0
245 411 0
246 411 0
247 411 0
248 411 0
249 411 0
250 411 0
251 411 0
252 411 0
253 411 0
254 411 0
255 411 0
256 411 0
257 411 0
258 411 0
259 411 0
260 411 0
261 411 0
262 411 0
263 411 0
264 411 0
265 411 0
266 411 0
267 411 0
268 411 0
269 411 0
270 411 0
271 411 0
272 411 0
273 411 0
274 411 0
275 411 0
276 411 0
277 411 0
278 411 0
279 411 0
185 412 0
186 412 0
187 412 0
188 412 0
189 412 0
190 412 0
191 412 0
192 412 0
193 412 0
194 412 0
195 412 0
196 412 0
197 412 0
198 412 0
199 412 0
200 412 0
201 412 0
202 412 0
203 412 0
204 412 0
205 412 0
206 412 0
207 412 0
208 412 0
209 412 0
210 412 0
211 412 0
212 412 0
213 412 0
214 412 0
215 412 0
216 412 0
217 412 0
218 412 0
219 412 0
220 412 0
221 412 0
222 412 0
223 412 0
224 412 0
225 412 0
226 412 0
227 412 0
228 412 0
229 412 0
230 412 0
231 412 0
232 412 0
233 412 0
234 412 0
235 412 0
236 412 0
237 412 0
238 412 0
239 412 0
240 412 0
241 412 0
242 412 0
243 412 0
244 412 0
245 412 0
246 412 0
247 412 0
248 412 0
249 412 0
250 412 0
251 412 0
252 412 0
253 412 0
254 412 0
255 412 0
256 412 0
257 412 0
258 412 0
259 412 0
260 412 0
261 412 0
262 412 0
263 412 0
264 412 0
265 412 0
266 412 0
267 412 0
268 412 0
269 412 0
270 412 0
271 412 0
272 412 0
273 412 0
274 412 0
275 412 0
276 412 0
277 412 0
278 412 0
279 412 0
186 413 0
187 413 0
188 413 0
189 413 0
190 413 0
191 413 0
192 413 0
193 413 0
194 413 0
195 413 0
196 413 0
197 413 0
198 413 0
199 413 0
200 413 0
201 413 0
202 413 0
203 413 0
204 413 0
205 413 0
206 413 0
207 413 0
208 413 0
209 413 0
210 413 0
211 413 0
212 413 0
213 413 0
214 413 0
215 413 0
216 413 0
217 413 0
218 413 0
219 413 0
220 413 0
221 413 0
222 413 0
223 413 0
224 413 0
225 413 0
226 413 0
227 413 0
228 413 0
229 413 0
230 413 0
231 413 0
232 413 0
233 413 0
234 413 0
235 413 0
236 413 0
237 413 0
238 413 0
239 413 0
240 413 0
241 413 0
242 413 0
243 413 0
244 413 0
245 413 0
246 413 0
247 413 0
248 413 0
249 413 0
250 413 0
251 413 0
252 413 0
253 413 0
254 413 0
255 413 0
256 413 0
257 413 0
258 413 0
259 413 0
260 413 0
261 413 0
262 413 0
263 413 0
264 413 0
265 413 0
266 413 0
267 413 0
268 413 0
269 413 0
270 413 0
271 413 0
272 413 0
273 413 0
274 413 0
275 413 0
276 413 0
277 413 0
278 413 0
279 413 0
186 414 0
187 414 0
190 414 0
191 414 0
192 414 0
193 414 0
194 414 0
195 414 0
196 414 0
197 414 0
198 414 0
199 414 0
200 414 0
201 414 0
202 414 0
203 414 0
204 414 0
205 414 0
206 414 0
207 414 0
208 414 0
209 414 0
210 414 0
211 414 0
212 414 0
213 414 0
214 414 0
215 414 0
216 414 0
217 414 0
218 414 0
219 414 0
220 414 0
221 414 0
222 414 0
223 414 0
224 414 0
225 414 0
226 414 0
227 414 0
228 414 0
229 414 0
230 414 0
231 414 0
232 414 0
233 414 0
234 414 0
235 414 0
236 414 0
237 414 0
238 414 0
239 414 0
240 414 0
241 414 0
242 414 0
243 414 0
244 414 0
245 414 0
246 414 0
247 414 0
248 414 0
249 414 0
250 414 0
251 414 0
252 414 0
253 414 0
254 414 0
255 414 0
256 414 0
257 414 0
258 414 0
259 414 0
260 414 0
261 414 0
262 414 0
263 414 0
264 414 0
265 414 0
266 414 0
267 414 0
268 414 0
269 414 0
270 414 0
271 414 0
272 414 0
273 414 0
274 414 0
275 414 0
276 414 0
277 414 0
278 414 0
279 414 0
187 415 0
191 415 0
192 415 0
193 415 0
194 415 0
195 415 0
196 415 0
197 415 0
198 415 0
199 415 0
200 415 0
201 415 0
202 415 0
203 415 0
204 415 0
205 415 0
206 415 0
207 415 0
208 415 0
209 415 0
210 415 0
211 415 0
212 415 0
213 415 0
214 415 0
215 415 0
216 415 0
217 415 0
218 415 0
219 415 0
220 415 0
221 415 0
222 415 0
223 415 0
224 415 0
225 415 0
226 415 0
227 415 0
228 415 0
229 415 0
230 415 0
231 415 0
232 415 0
233 415 0
234 415 0
236 415 0
237 415 0
238 415 0
239 415 0
240 415 0
241 415 0
242 415 0
243 415 0
244 415 0
245 415 0
246 415 0
247 415 0
248 415 0
249 415 0
250 415 0
251 415 0
252 415 0
253 415 0
254 415 0
255 415 0
256 415 0
257 415 0
258 415 0
259 415 0
260 415 0
261 415 0
262 415 0
263 415 0
264 415 0
265 415 0
266 415 0
267 415 0
268 415 0
269 415 0
270 415 0
271 415 0
272 415 0
273 415 0
274 415 0
275 415 0
276 415 0
277 415 0
278 415 0
279 415 0
187 416 0
188 416 0
193 416 0
194 416 0
195 416 0
196 416 0
197 416 0
198 416 0
199 416 0
200 416 0
201 416 0
202 416 0
203 416 0
204 416 0
205 416 0
206 416 0
207 416 0
208 416 0
209 416 0
210 416 0
211 416 0
212 416 0
213 416 0
214 416 0
215 416 0
216 416 0
217 416 0
218 416 0
219 416 0
220 416 0
221 416 0
222 416 0
223 416 0
224 416 0
225 416 0
226 416 0
227 416 0
228 416 0
229 416 0
230 416 0
231 416 0
232 416 0
233 416 0
236 416 0
237 416 0
238 416 0
239 416 0
240 416 0
241 416 0
242 416 0
243 416 0
244 416 0
245 416 0
246 416 0
247 416 0
248 416 0
249 416 0
250 416 0
251 416 0
252 416 0
253 416 0
254 416 0
255 416 0
256 416 0
257 416 0
258 416 0
259 416 0
260 416 0
261 416 0
262 416 0
263 416 0
264 416 0
265 416 0
266 416 0
267 416 0
268 416 0
269 416 0
270 416 0
271 416 0
272 416 0
273 416 0
274 416 0
275 416 0
276 416 0
277 416 0
278 416 0
279 416 0
188 417 0
195 417 0
196 417 0
197 417 0
199 417 0
200 417 0
201 417 0
202 417 0
203 417 0
204 417 0
205 417 0
206 417 0
207 417 0
208 417 0
209 417 0
210 417 0
211 417 0
212 417 0
213 417 0
214 417 0
215 417 0
216 417 0
217 417 0
218 417 0
219 417 0
220 417 0
221 417 0
222 417 0
223 417 0
224 417 0
225 417 0
226 417 0
227 417 0
228 417 0
229 417 0
230 417 0
231 417 0
232 417 0
233 417 0
236 417 0
237 417 0
238 417 0
239 417 0
240 417 0
241 417 0
242 417 0
243 417 0
244 417 0
245 417 0
246 417 0
247 417 0
248 417 0
249 417 0
250 417 0
251 417 0
252 417 0
253 417 0
254 417 0
255 417 0
256 417 0
257 417 0
258 417 0
259 417 0
260 417 0
261 417 0
262 417 0
263 417 0
264 417 0
265 417 0
266 417 0
267 417 0
268 417 0
269 417 0
270 417 0
271 417 0
272 417 0
273 417 0
274 417 0
275 417 0
276 417 0
277 417 0
278 417 0
279 417 0
188 418 0
189 418 0
196 418 0
200 418 0
201 418 0
202 418 0
203 418 0
204 418 0
205 418 0
206 418 0
207 418 0
208 418 0
209 418 0
210 418 0
211 418 0
212 418 0
213 418 0
214 418 0
215 418 0
216 418 0
217 418 0
218 418 0
219 418 0
220 418 0
221 418 0
222 418 0
223 418 0
224 418 0
225 418 0
226 418 0
227 418 0
228 418 0
229 418 0
230 418 0
231 418 0
232 418 0
236 418 0
237 418 0
238 418 0
239 418 0
240 418 0
241 418 0
242 418 0
243 418 0
244 418 0
245 418 0
246 418 0
248 418 0
249 418 0
250 418 0
251 418 0
252 418 0
253 418 0
254 418 0
255 418 0
256 418 0
257 418 0
258 418 0
259 418 0
260 418 0
261 418 0
262 418 0
263 418 0
264 418 0
265 418 0
266 418 0
267 418 0
268 418 0
269 418 0
270 418 0
271 418 0
272 418 0
273 418 0
274 418 0
275 418 0
276 418 0
277 418 0
278 418 0
279 418 0
188 419 0
189 419 0
190 419 0
200 419 0
201 419 0
202 419 0
203 419 0
204 419 0
205 419 0
206 419 0
207 419 0
208 419 0
209 419 0
210 419 0
211 419 0
212 419 0
213 419 0
214 419 0
215 419 0
216 419 0
217 419 0
218 419 0
219 419 0
220 419 0
221 419 0
222 419 0
223 419 0
224 419 0
225 419 0
226 419 0
227 419 0
228 419 0
229 419 0
230 419 0
231 419 0
232 419 0
236 419 0
237 419 0
238 419 0
239 419 0
240 419 0
241 419 0
242 419 0
243 419 0
244 419 0
249 419 0
250 419 0
251 419 0
252 419 0
253 419 0
254 419 0
255 419 0
256 419 0
257 419 0
258 419 0
259 419 0
260 419 0
261 419 0
262 419 0
263 419 0
264 419 0
265 419 0
266 419 0
267 419 0
268 419 0
269 419 0
270 419 0
271 419 0
272 419 0
273 419 0
274 419 0
275 419 0
276 419 0
277 419 0
278 419 0
279 419 0
189 420 0
191 420 0
192 420 0
193 420 0
194 420 0
199 420 0
200 420 0
201 420 0
202 420 0
203 420 0
204 420 0
205 420 0
206 420 0
207 420 0
208 420 0
209 420 0
210 420 0
211 420 0
212 420 0
213 420 0
214 420 0
215 420 0
216 420 0
217 420 0
218 420 0
219 420 0
220 420 0
221 420 0
222 420 0
223 420 0
224 420 0
225 420 0
226 420 0
227 420 0
228 420 0
229 420 0
230 420 0
231 420 0
232 420 0
237 420 0
238 420 0
239 420 0
240 420 0
241 420 0
242 420 0
243 420 0
250 420 0
251 420 0
255 420 0
256 420 0
257 420 0
258 420 0
259 420 0
260 420 0
261 420 0
262 420 0
263 420 0
264 420 0
265 420 0
266 420 0
267 420 0
268 420 0
269 420 0
270 420 0
271 420 0
272 420 0
273 420 0
274 420 0
275 420 0
276 420 0
277 420 0
278 420 0
279 420 0
194 421 0
199 421 0
200 421 0
201 421 0
202 421 0
203 421 0
204 421 0
205 421 0
206 421 0
207 421 0
208 421 0
209 421 0
210 421 0
211 421 0
212 421 0
213 421 0
214 421 0
215 421 0
216 421 0
217 421 0
218 421 0
219 421 0
220 421 0
221 421 0
222 421 0
223 421 0
224 421 0
225 421 0
226 421 0
227 421 0
228 421 0
229 421 0
230 421 0
237 421 0
238 421 0
239 421 0
240 421 0
242 421 0
243 421 0
255 421 0
256 421 0
257 421 0
258 421 0
259 421 0
260 421 0
261 421 0
262 421 0
263 421 0
264 421 0
265 421 0
266 421 0
267 421 0
268 421 0
269 421 0
270 421 0
271 421 0
272 421 0
273 421 0
274 421 0
275 421 0
276 421 0
277 421 0
278 421 0
279 421 0
199 422 0
200 422 0
201 422 0
202 422 0
203 422 0
204 422 0
205 422 0
206 422 0
207 422 0
208 422 0
209 422 0
210 422 0
211 422 0
212 422 0
213 422 0
214 422 0
215 422 0
216 422 0
217 422 0
218 422 0
219 422 0
220 422 0
221 422 0
222 422 0
223 422 0
224 422 0
225 422 0
226 422 0
227 422 0
228 422 0
229 422 0
230 422 0
231 422 0
243 422 0
255 422 0
256 422 0
257 422 0
258 422 0
259 422 0
260 422 0
261 422 0
262 422 0
263 422 0
264 422 0
265 422 0
266 422 0
267 422 0
268 422 0
269 422 0
270 422 0
271 422 0
272 422 0
273 422 0
274 422 0
275 422 0
276 422 0
277 422 0
278 422 0
279 422 0
194 423 0
200 423 0
201 423 0
202 423 0
203 423 0
204 423 0
205 423 0
206 423 0
207 423 0
208 423 0
209 423 0
210 423 0
211 423 0
212 423 0
213 423 0
214 423 0
215 423 0
216 423 0
217 423 0
218 423 0
219 423 0
220 423 0
221 423 0
222 423 0
223 423 0
224 423 0
225 423 0
226 423 0
227 423 0
228 423 0
229 423 0
230 423 0
231 423 0
243 423 0
255 423 0
256 423 0
257 423 0
258 423 0
259 423 0
260 423 0
261 423 0
262 423 0
263 423 0
264 423 0
265 423 0
266 423 0
267 423 0
268 423 0
269 423 0
270 423 0
271 423 0
272 423 0
273 423 0
274 423 0
275 423 0
276 423 0
277 423 0
278 423 0
279 423 0
194 424 0
200 424 0
201 424 0
202 424 0
203 424 0
204 424 0
205 424 0
206 424 0
207 424 0
208 424 0
209 424 0
210 424 0
211 424 0
212 424 0
213 424 0
214 424 0
215 424 0
216 424 0
217 424 0
218 424 0
219 424 0
220 424 0
221 424 0
222 424 0
223 424 0
224 424 0
225 424 0
226 424 0
227 424 0
228 424 0
229 424 0
230 424 0
231 424 0
244 424 0
255 424 0
256 424 0
257 424 0
258 424 0
259 424 0
260 424 0
261 424 0
262 424 0
263 424 0
264 424 0
265 424 0
266 424 0
267 424 0
268 424 0
269 424 0
270 424 0
271 424 0
272 424 0
273 424 0
274 424 0
275 424 0
276 424 0
277 424 0
278 424 0
279 424 0
195 425 0
200 425 0
201 425 0
202 425 0
203 425 0
204 425 0
205 425 0
206 425 0
207 425 0
208 425 0
209 425 0
210 425 0
211 425 0
212 425 0
213 425 0
214 425 0
215 425 0
216 425 0
217 425 0
218 425 0
219 425 0
220 425 0
221 425 0
222 425 0
223 425 0
224 425 0
225 425 0
226 425 0
227 425 0
228 425 0
229 425 0
230 425 0
244 425 0
255 425 0
256 425 0
257 425 0
258 425 0
259 425 0
260 425 0
261 425 0
262 425 0
263 425 0
264 425 0
265 425 0
266 425 0
267 425 0
268 425 0
269 425 0
270 425 0
271 425 0
272 425 0
273 425 0
274 425 0
275 425 0
276 425 0
277 425 0
278 425 0
279 425 0
200 426 0
201 426 0
202 426 0
203 426 0
204 426 0
205 426 0
206 426 0
207 426 0
208 426 0
209 426 0
210 426 0
211 426 0
212 426 0
213 426 0
214 426 0
215 426 0
216 426 0
217 426 0
218 426 0
219 426 0
220 426 0
221 426 0
222 426 0
223 426 0
224 426 0
225 426 0
226 426 0
227 426 0
244 426 0
246 426 0
255 426 0
256 426 0
257 426 0
258 426 0
259 426 0
260 426 0
261 426 0
262 426 0
263 426 0
264 426 0
265 426 0
266 426 0
267 426 0
268 426 0
269 426 0
270 426 0
271 426 0
272 426 0
273 426 0
274 426 0
275 426 0
276 426 0
277 426 0
278 426 0
279 426 0
201 427 0
202 427 0
203 427 0
204 427 0
205 427 0
206 427 0
207 427 0
208 427 0
209 427 0
210 427 0
211 427 0
212 427 0
213 427 0
214 427 0
215 427 0
216 427 0
217 427 0
218 427 0
219 427 0
220 427 0
221 427 0
222 427 0
223 427 0
224 427 0
244 427 0
245 427 0
246 427 0
247 427 0
255 427 0
256 427 0
257 427 0
258 427 0
259 427 0
260 427 0
261 427 0
262 427 0
263 427 0
264 427 0
265 427 0
266 427 0
267 427 0
268 427 0
269 427 0
270 427 0
271 427 0
272 427 0
273 427 0
274 427 0
275 427 0
276 427 0
277 427 0
278 427 0
279 427 0
201 428 0
202 428 0
203 428 0
204 428 0
205 428 0
206 428 0
207 428 0
208 428 0
209 428 0
210 428 0
211 428 0
212 428 0
213 428 0
214 428 0
215 428 0
216 428 0
217 428 0
218 428 0
219 428 0
220 428 0
221 428 0
222 428 0
244 428 0
245 428 0
246 428 0
247 428 0
248 428 0
255 428 0
256 428 0
257 428 0
258 428 0
259 428 0
260 428 0
261 428 0
262 428 0
263 428 0
264 428 0
265 428 0
266 428 0
267 428 0
268 428 0
269 428 0
270 428 0
271 428 0
272 428 0
273 428 0
274 428 0
275 428 0
276 428 0
277 428 0
278 428 0
279 428 0
195 429 0
202 429 0
203 429 0
204 429 0
205 429 0
206 429 0
207 429 0
208 429 0
209 429 0
210 429 0
211 429 0
212 429 0
213 429 0
214 429 0
215 429 0
216 429 0
217 429 0
218 429 0
219 429 0
220 429 0
221 429 0
222 429 0
245 429 0
248 429 0
256 429 0
257 429 0
258 429 0
259 429 0
260 429 0
261 429 0
262 429 0
263 429 0
264 429 0
265 429 0
266 429 0
267 429 0
268 429 0
269 429 0
270 429 0
271 429 0
272 429 0
273 429 0
274 429 0
275 429 0
276 429 0
277 429 0
278 429 0
279 429 0
195 430 0
202 430 0
203 430 0
204 430 0
205 430 0
206 430 0
207 430 0
208 430 0
209 430 0
210 430 0
211 430 0
212 430 0
213 430 0
214 430 0
215 430 0
216 430 0
217 430 0
218 430 0
219 430 0
220 430 0
221 430 0
222 430 0
248 430 0
257 430 0
258 430 0
259 430 0
260 430 0
261 430 0
262 430 0
263 430 0
264 430 0
265 430 0
266 430 0
267 430 0
268 430 0
269 430 0
270 430 0
271 430 0
272 430 0
273 430 0
274 430 0
275 430 0
276 430 0
277 430 0
278 430 0
279 430 0
195 431 0
196 431 0
203 431 0
204 431 0
205 431 0
206 431 0
207 431 0
208 431 0
209 431 0
210 431 0
211 431 0
212 431 0
213 431 0
214 431 0
215 431 0
216 431 0
217 431 0
218 431 0
219 431 0
220 431 0
221 431 0
248 431 0
249 431 0
258 431 0
259 431 0
260 431 0
261 431 0
262 431 0
263 431 0
264 431 0
265 431 0
266 431 0
267 431 0
268 431 0
269 431 0
270 431 0
271 431 0
272 431 0
273 431 0
274 431 0
275 431 0
276 431 0
277 431 0
278 431 0
279 431 0
195 432 0
196 432 0
203 432 0
204 432 0
205 432 0
206 432 0
207 432 0
208 432 0
209 432 0
210 432 0
211 432 0
212 432 0
213 432 0
214 432 0
215 432 0
216 432 0
217 432 0
218 432 0
219 432 0
249 432 0
250 432 0
261 432 0
262 432 0
263 432 0
264 432 0
265 432 0
266 432 0
267 432 0
268 432 0
269 432 0
270 432 0
271 432 0
272 432 0
273 432 0
274 432 0
275 432 0
276 432 0
277 432 0
278 432 0
279 432 0
195 433 0
196 433 0
203 433 0
204 433 0
205 433 0
206 433 0
207 433 0
208 433 0
209 433 0
210 433 0
211 433 0
212 433 0
213 433 0
214 433 0
215 433 0
216 433 0
217 433 0
218 433 0
219 433 0
250 433 0
263 433 0
264 433 0
265 433 0
266 433 0
267 433 0
268 433 0
269 433 0
270 433 0
271 433 0
272 433 0
273 433 0
274 433 0
275 433 0
276 433 0
277 433 0
278 433 0
279 433 0
196 434 0
197 434 0
203 434 0
204 434 0
205 434 0
206 434 0
207 434 0
208 434 0
209 434 0
210 434 0
211 434 0
212 434 0
213 434 0
214 434 0
215 434 0
216 434 0
217 434 0
218 434 0
248 434 0
249 434 0
265 434 0
266 434 0
267 434 0
268 434 0
269 434 0
270 434 0
271 434 0
272 434 0
273 434 0
274 434 0
275 434 0
276 434 0
277 434 0
278 434 0
279 434 0
198 435 0
204 435 0
205 435 0
206 435 0
207 435 0
208 435 0
209 435 0
210 435 0
211 435 0
212 435 0
213 435 0
214 435 0
215 435 0
216 435 0
217 435 0
218 435 0
245 435 0
246 435 0
247 435 0
248 435 0
265 435 0
266 435 0
267 435 0
268 435 0
269 435 0
270 435 0
271 435 0
272 435 0
273 435 0
274 435 0
275 435 0
276 435 0
277 435 0
278 435 0
279 435 0
203 436 0
204 436 0
205 436 0
206 436 0
207 436 0
208 436 0
209 436 0
210 436 0
211 436 0
212 436 0
213 436 0
214 436 0
215 436 0
216 436 0
217 436 0
218 436 0
245 436 0
266 436 0
267 436 0
268 436 0
269 436 0
270 436 0
271 436 0
272 436 0
273 436 0
274 436 0
275 436 0
276 436 0
277 436 0
278 436 0
279 436 0
187 437 0
200 437 0
202 437 0
203 437 0
204 437 0
205 437 0
206 437 0
207 437 0
208 437 0
209 437 0
210 437 0
211 437 0
212 437 0
213 437 0
214 437 0
215 437 0
216 437 0
217 437 0
218 437 0
244 437 0
266 437 0
267 437 0
268 437 0
269 437 0
270 437 0
271 437 0
272 437 0
273 437 0
274 437 0
275 437 0
276 437 0
277 437 0
278 437 0
279 437 0
184 438 0
185 438 0
186 438 0
201 438 0
202 438 0
203 438 0
204 438 0
205 438 0
206 438 0
207 438 0
208 438 0
209 438 0
211 438 0
212 438 0
213 438 0
214 438 0
215 438 0
216 438 0
217 438 0
218 438 0
244 438 0
266 438 0
267 438 0
268 438 0
269 438 0
270 438 0
271 438 0
272 438 0
273 438 0
274 438 0
275 438 0
276 438 0
277 438 0
278 438 0
279 438 0
181 439 0
182 439 0
183 439 0
184 439 0
185 439 0
186 439 0
187 439 0
201 439 0
202 439 0
203 439 0
204 439 0
206 439 0
207 439 0
208 439 0
209 439 0
211 439 0
212 439 0
213 439 0
214 439 0
215 439 0
216 439 0
217 439 0
255 439 0
256 439 0
267 439 0
268 439 0
269 439 0
270 439 0
271 439 0
272 439 0
273 439 0
274 439 0
275 439 0
276 439 0
277 439 0
278 439 0
279 439 0
181 440 0
182 440 0
183 440 0
184 440 0
185 440 0
186 440 0
187 440 0
188 440 0
189 440 0
201 440 0
202 440 0
203 440 0
206 440 0
207 440 0
208 440 0
211 440 0
212 440 0
213 440 0
214 440 0
216 440 0
217 440 0
253 440 0
254 440 0
255 440 0
256 440 0
267 440 0
268 440 0
269 440 0
270 440 0
271 440 0
272 440 0
273 440 0
274 440 0
275 440 0
276 440 0
277 440 0
278 440 0
279 440 0
181 441 0
182 441 0
183 441 0
184 441 0
185 441 0
186 441 0
187 441 0
188 441 0
189 441 0
208 441 0
211 441 0
212 441 0
213 441 0
243 441 0
251 441 0
252 441 0
253 441 0
255 441 0
256 441 0
257 441 0
266 441 0
267 441 0
268 441 0
269 441 0
270 441 0
271 441 0
272 441 0
273 441 0
274 441 0
275 441 0
276 441 0
277 441 0
278 441 0
279 441 0
181 442 0
182 442 0
183 442 0
184 442 0
185 442 0
186 442 0
187 442 0
188 442 0
189 442 0
207 442 0
208 442 0
209 442 0
243 442 0
249 442 0
250 442 0
251 442 0
256 442 0
265 442 0
266 442 0
267 442 0
268 442 0
269 442 0
270 442 0
271 442 0
272 442 0
273 442 0
274 442 0
275 442 0
276 442 0
277 442 0
278 442 0
279 442 0
181 443 0
182 443 0
183 443 0
184 443 0
185 443 0
186 443 0
187 443 0
188 443 0
189 443 0
199 443 0
207 443 0
208 443 0
209 443 0
210 443 0
211 443 0
212 443 0
213 443 0
214 443 0
215 443 0
243 443 0
244 443 0
245 443 0
246 443 0
247 443 0
256 443 0
264 443 0
265 443 0
266 443 0
267 443 0
268 443 0
269 443 0
270 443 0
271 443 0
272 443 0
273 443 0
274 443 0
275 443 0
276 443 0
277 443 0
278 443 0
279 443 0
181 444 0
182 444 0
183 444 0
184 444 0
185 444 0
186 444 0
187 444 0
188 444 0
189 444 0
190 444 0
197 444 0
198 444 0
199 444 0
207 444 0
208 444 0
209 444 0
210 444 0
211 444 0
212 444 0
213 444 0
214 444 0
215 444 0
245 444 0
246 444 0
256 444 0
257 444 0
263 444 0
264 444 0
265 444 0
266 444 0
267 444 0
268 444 0
269 444 0
270 444 0
271 444 0
272 444 0
273 444 0
274 444 0
275 444 0
276 444 0
277 444 0
278 444 0
279 444 0
181 445 0
182 445 0
183 445 0
184 445 0
185 445 0
186 445 0
187 445 0
188 445 0
189 445 0
190 445 0
191 445 0
192 445 0
193 445 0
194 445 0
195 445 0
196 445 0
197 445 0
198 445 0
199 445 0
200 445 0
207 445 0
208 445 0
209 445 0
210 445 0
211 445 0
212 445 0
213 445 0
214 445 0
216 445 0
256 445 0
257 445 0
260 445 0
261 445 0
262 445 0
267 445 0
268 445 0
269 445 0
270 445 0
271 445 0
272 445 0
273 445 0
274 445 0
275 445 0
276 445 0
277 445 0
278 445 0
279 445 0
181 446 0
182 446 0
183 446 0
184 446 0
185 446 0
186 446 0
187 446 0
188 446 0
189 446 0
190 446 0
191 446 0
192 446 0
193 446 0
194 446 0
195 446 0
196 446 0
197 446 0
198 446 0
199 446 0
200 446 0
207 446 0
208 446 0
209 446 0
210 446 0
211 446 0
212 446 0
213 446 0
217 446 0
257 446 0
258 446 0
259 446 0
260 446 0
267 446 0
268 446 0
269 446 0
270 446 0
271 446 0
272 446 0
273 446 0
274 446 0
275 446 0
276 446 0
277 446 0
278 446 0
279 446 0
181 447 0
182 447 0
183 447 0
184 447 0
185 447 0
186 447 0
187 447 0
188 447 0
189 447 0
190 447 0
191 447 0
192 447 0
193 447 0
194 447 0
195 447 0
196 447 0
197 447 0
198 447 0
199 447 0
200 447 0
201 447 0
202 447 0
203 447 0
204 447 0
205 447 0
206 447 0
207 447 0
208 447 0
209 447 0
210 447 0
211 447 0
212 447 0
213 447 0
217 447 0
218 447 0
257 447 0
258 447 0
259 447 0
267 447 0
268 447 0
269 447 0
270 447 0
271 447 0
272 447 0
273 447 0
274 447 0
275 447 0
276 447 0
277 447 0
278 447 0
279 447 0
181 448 0
182 448 0
183 448 0
184 448 0
185 448 0
186 448 0
187 448 0
188 448 0
189 448 0
190 448 0
191 448 0
192 448 0
193 448 0
194 448 0
195 448 0
196 448 0
197 448 0
198 448 0
199 448 0
200 448 0
201 448 0
202 448 0
203 448 0
204 448 0
205 448 0
206 448 0
207 448 0
208 448 0
209 448 0
210 448 0
211 448 0
212 448 0
213 448 0
214 448 0
218 448 0
257 448 0
258 448 0
259 448 0
267 448 0
268 448 0
269 448 0
270 448 0
271 448 0
272 448 0
273 448 0
274 448 0
275 448 0
276 448 0
277 448 0
278 448 0
279 448 0
181 449 0
182 449 0
183 449 0
184 449 0
185 449 0
186 449 0
187 449 0
188 449 0
189 449 0
190 449 0
191 449 0
192 449 0
193 449 0
194 449 0
195 449 0
196 449 0
197 449 0
198 449 0
199 449 0
200 449 0
201 449 0
202 449 0
203 449 0
204 449 0
205 449 0
206 449 0
207 449 0
208 449 0
209 449 0
210 449 0
211 449 0
212 449 0
213 449 0
214 449 0
215 449 0
219 449 0
257 449 0
258 449 0
259 449 0
266 449 0
267 449 0
268 449 0
269 449 0
270 449 0
271 449 0
272 449 0
273 449 0
274 449 0
275 449 0
276 449 0
277 449 0
278 449 0
279 449 0
181 450 0
182 450 0
183 450 0
184 450 0
185 450 0
186 450 0
187 450 0
188 450 0
189 450 0
190 450 0
191 450 0
192 450 0
193 450 0
194 450 0
195 450 0
196 450 0
197 450 0
198 450 0
199 450 0
200 450 0
201 450 0
202 450 0
203 450 0
204 450 0
205 450 0
206 450 0
207 450 0
208 450 0
209 450 0
210 450 0
211 450 0
212 450 0
213 450 0
214 450 0
215 450 0
220 450 0
257 450 0
258 450 0
259 450 0
266 450 0
267 450 0
268 450 0
269 450 0
270 450 0
271 450 0
272 450 0
273 450 0
274 450 0
275 450 0
276 450 0
277 450 0
278 450 0
279 450 0
181 451 0
182 451 0
183 451 0
184 451 0
185 451 0
186 451 0
187 451 0
188 451 0
189 451 0
190 451 0
191 451 0
192 451 0
193 451 0
194 451 0
195 451 0
196 451 0
197 451 0
198 451 0
199 451 0
200 451 0
201 451 0
202 451 0
203 451 0
204 451 0
205 451 0
206 451 0
207 451 0
208 451 0
209 451 0
210 451 0
211 451 0
212 451 0
213 451 0
214 451 0
215 451 0
216 451 0
221 451 0
222 451 0
257 451 0
258 451 0
259 451 0
265 451 0
266 451 0
267 451 0
268 451 0
269 451 0
270 451 0
271 451 0
272 451 0
273 451 0
274 451 0
275 451 0
276 451 0
277 451 0
278 451 0
279 451 0
181 452 0
182 452 0
183 452 0
184 452 0
185 452 0
186 452 0
187 452 0
188 452 0
189 452 0
190 452 0
191 452 0
192 452 0
193 452 0
194 452 0
195 452 0
196 452 0
197 452 0
198 452 0
199 452 0
200 452 0
201 452 0
202 452 0
203 452 0
204 452 0
205 452 0
206 452 0
207 452 0
208 452 0
209 452 0
210 452 0
211 452 0
212 452 0
213 452 0
214 452 0
215 452 0
216 452 0
252 452 0
253 452 0
254 452 0
255 452 0
256 452 0
257 452 0
258 452 0
259 452 0
265 452 0
266 452 0
267 452 0
268 452 0
269 452 0
270 452 0
271 452 0
272 452 0
273 452 0
274 452 0
275 452 0
276 452 0
277 452 0
278 452 0
279 452 0
181 453 0
182 453 0
183 453 0
184 453 0
185 453 0
186 453 0
187 453 0
188 453 0
189 453 0
190 453 0
191 453 0
192 453 0
193 453 0
194 453 0
195 453 0
196 453 0
197 453 0
198 453 0
199 453 0
200 453 0
201 453 0
202 453 0
203 453 0
204 453 0
205 453 0
206 453 0
207 453 0
208 453 0
209 453 0
210 453 0
211 453 0
212 453 0
213 453 0
214 453 0
215 453 0
216 453 0
217 453 0
218 453 0
250 453 0
251 453 0
252 453 0
253 453 0
254 453 0
255 453 0
256 453 0
257 453 0
258 453 0
265 453 0
266 453 0
267 453 0
268 453 0
269 453 0
270 453 0
271 453 0
272 453 0
273 453 0
274 453 0
275 453 0
276 453 0
277 453 0
278 453 0
279 453 0
181 454 0
182 454 0
183 454 0
184 454 0
185 454 0
186 454 0
187 454 0
188 454 0
189 454 0
190 454 0
191 454 0
192 454 0
193 454 0
194 454 0
195 454 0
196 454 0
197 454 0
198 454 0
199 454 0
200 454 0
201 454 0
202 454 0
203 454 0
204 454 0
205 454 0
206 454 0
207 454 0
208 454 0
209 454 0
210 454 0
211 454 0
212 454 0
213 454 0
214 454 0
215 454 0
216 454 0
217 454 0
218 454 0
219 454 0
223 454 0
250 454 0
251 454 0
252 454 0
253 454 0
254 454 0
255 454 0
256 454 0
257 454 0
258 454 0
259 454 0
263 454 0
264 454 0
265 454 0
266 454 0
267 454 0
268 454 0
269 454 0
270 454 0
271 454 0
272 454 0
273 454 0
274 454 0
275 454 0
276 454 0
277 454 0
278 454 0
279 454 0
181 455 0
182 455 0
183 455 0
184 455 0
185 455 0
186 455 0
187 455 0
188 455 0
189 455 0
190 455 0
191 455 0
192 455 0
193 455 0
194 455 0
195 455 0
196 455 0
197 455 0
198 455 0
199 455 0
200 455 0
201 455 0
202 455 0
203 455 0
204 455 0
205 455 0
206 455 0
207 455 0
208 455 0
209 455 0
210 455 0
211 455 0
212 455 0
213 455 0
214 455 0
215 455 0
216 455 0
217 455 0
218 455 0
219 455 0
220 455 0
224 455 0
251 455 0
252 455 0
253 455 0
254 455 0
255 455 0
256 455 0
257 455 0
258 455 0
259 455 0
260 455 0
261 455 0
262 455 0
263 455 0
264 455 0
265 455 0
266 455 0
267 455 0
268 455 0
269 455 0
270 455 0
271 455 0
272 455 0
273 455 0
274 455 0
275 455 0
276 455 0
277 455 0
278 455 0
279 455 0
181 456 0
182 456 0
183 456 0
184 456 0
185 456 0
186 456 0
187 456 0
188 456 0
189 456 0
190 456 0
191 456 0
192 456 0
193 456 0
194 456 0
195 456 0
196 456 0
197 456 0
198 456 0
199 456 0
200 456 0
201 456 0
202 456 0
203 456 0
204 456 0
205 456 0
206 456 0
207 456 0
208 456 0
209 456 0
210 456 0
211 456 0
212 456 0
213 456 0
214 456 0
215 456 0
216 456 0
217 456 0
218 456 0
219 456 0
220 456 0
221 456 0
231 456 0
233 456 0
234 456 0
251 456 0
252 456 0
253 456 0
254 456 0
255 456 0
256 456 0
257 456 0
258 456 0
259 456 0
260 456 0
261 456 0
262 456 0
263 456 0
264 456 0
265 456 0
266 456 0
267 456 0
268 456 0
269 456 0
270 456 0
271 456 0
272 456 0
273 456 0
274 456 0
275 456 0
276 456 0
277 456 0
278 456 0
181 457 0
182 457 0
183 457 0
184 457 0
185 457 0
186 457 0
187 457 0
188 457 0
189 457 0
190 457 0
191 457 0
192 457 0
193 457 0
194 457 0
195 457 0
196 457 0
197 457 0
198 457 0
199 457 0
200 457 0
201 457 0
202 457 0
203 457 0
204 457 0
205 457 0
206 457 0
207 457 0
208 457 0
209 457 0
210 457 0
211 457 0
212 457 0
213 457 0
214 457 0
215 457 0
216 457 0
217 457 0
218 457 0
219 457 0
220 457 0
221 457 0
236 457 0
237 457 0
251 457 0
252 457 0
253 457 0
254 457 0
255 457 0
256 457 0
257 457 0
258 457 0
259 457 0
260 457 0
261 457 0
262 457 0
263 457 0
264 457 0
265 457 0
266 457 0
267 457 0
268 457 0
269 457 0
270 457 0
271 457 0
272 457 0
273 457 0
274 457 0
275 457 0
276 457 0
277 457 0
181 458 0
182 458 0
183 458 0
184 458 0
185 458 0
186 458 0
187 458 0
188 458 0
189 458 0
190 458 0
191 458 0
192 458 0
193 458 0
194 458 0
195 458 0
196 458 0
197 458 0
198 458 0
199 458 0
200 458 0
201 458 0
202 458 0
203 458 0
204 458 0
205 458 0
206 458 0
207 458 0
208 458 0
209 458 0
210 458 0
211 458 0
212 458 0
213 458 0
214 458 0
215 458 0
216 458 0
217 458 0
218 458 0
219 458 0
220 458 0
221 458 0
222 458 0
223 458 0
239 458 0
250 458 0
251 458 0
252 458 0
253 458 0
254 458 0
255 458 0
256 458 0
257 458 0
258 458 0
259 458 0
260 458 0
261 458 0
262 458 0
263 458 0
264 458 0
265 458 0
266 458 0
267 458 0
268 458 0
269 458 0
270 458 0
271 458 0
272 458 0
273 458 0
274 458 0
275 458 0
276 458 0
277 458 0
181 459 0
182 459 0
183 459 0
184 459 0
185 459 0
186 459 0
187 459 0
188 459 0
189 459 0
190 459 0
191 459 0
192 459 0
193 459 0
194 459 0
195 459 0
196 459 0
197 459 0
198 459 0
199 459 0
200 459 0
201 459 0
202 459 0
203 459 0
204 459 0
205 459 0
206 459 0
207 459 0
208 459 0
209 459 0
210 459 0
211 459 0
212 459 0
213 459 0
214 459 0
215 459 0
216 459 0
217 459 0
218 459 0
219 459 0
220 459 0
221 459 0
222 459 0
223 459 0
224 459 0
225 459 0
226 459 0
227 459 0
228 459 0
229 459 0
230 459 0
232 459 0
240 459 0
241 459 0
242 459 0
251 459 0
252 459 0
253 459 0
254 459 0
255 459 0
256 459 0
257 459 0
258 459 0
259 459 0
260 459 0
261 459 0
262 459 0
263 459 0
264 459 0
265 459 0
266 459 0
267 459 0
268 459 0
269 459 0
270 459 0
271 459 0
272 459 0
273 459 0
274 459 0
275 459 0
276 459 0
181 460 0
182 460 0
183 460 0
184 460 0
185 460 0
186 460 0
187 460 0
188 460 0
189 460 0
190 460 0
191 460 0
192 460 0
193 460 0
194 460 0
195 460 0
196 460 0
197 460 0
198 460 0
199 460 0
200 460 0
201 460 0
202 460 0
203 460 0
204 460 0
205 460 0
206 460 0
207 460 0
208 460 0
209 460 0
210 460 0
211 460 0
212 460 0
213 460 0
214 460 0
215 460 0
216 460 0
217 460 0
218 460 0
219 460 0
220 460 0
221 460 0
222 460 0
223 460 0
224 460 0
225 460 0
226 460 0
227 460 0
228 460 0
229 460 0
230 460 0
231 460 0
232 460 0
233 460 0
234 460 0
235 460 0
242 460 0
243 460 0
252 460 0
253 460 0
254 460 0
255 460 0
256 460 0
257 460 0
258 460 0
259 460 0
260 460 0
261 460 0
262 460 0
263 460 0
264 460 0
265 460 0
266 460 0
267 460 0
268 460 0
269 460 0
270 460 0
271 460 0
272 460 0
273 460 0
274 460 0
275 460 0
276 460 0
181 461 0
182 461 0
183 461 0
184 461 0
185 461 0
186 461 0
187 461 0
188 461 0
189 461 0
190 461 0
191 461 0
192 461 0
193 461 0
194 461 0
195 461 0
196 461 0
197 461 0
198 461 0
199 461 0
200 461 0
201 461 0
202 461 0
203 461 0
204 461 0
205 461 0
206 461 0
207 461 0
208 461 0
209 461 0
210 461 0
211 461 0
212 461 0
213 461 0
214 461 0
215 461 0
216 461 0
217 461 0
218 461 0
219 461 0
220 461 0
221 461 0
222 461 0
223 461 0
224 461 0
225 461 0
226 461 0
227 461 0
228 461 0
229 461 0
230 461 0
231 461 0
232 461 0
233 461 0
234 461 0
235 461 0
236 461 0
237 461 0
238 461 0
239 461 0
243 461 0
244 461 0
245 461 0
247 461 0
252 461 0
253 461 0
254 461 0
255 461 0
256 461 0
257 461 0
258 461 0
259 461 0
260 461 0
261 461 0
262 461 0
263 461 0
264 461 0
265 461 0
266 461 0
267 461 0
268 461 0
269 461 0
270 461 0
271 461 0
272 461 0
273 461 0
274 461 0
275 461 0
181 462 0
182 462 0
183 462 0
184 462 0
185 462 0
186 462 0
187 462 0
188 462 0
189 462 0
190 462 0
191 462 0
192 462 0
193 462 0
194 462 0
195 462 0
196 462 0
197 462 0
198 462 0
199 462 0
200 462 0
201 462 0
202 462 0
203 462 0
204 462 0
205 462 0
206 462 0
207 462 0
208 462 0
209 462 0
210 462 0
211 462 0
212 462 0
213 462 0
214 462 0
215 462 0
216 462 0
217 462 0
218 462 0
219 462 0
220 462 0
221 462 0
222 462 0
223 462 0
224 462 0
225 462 0
226 462 0
227 462 0
228 462 0
229 462 0
230 462 0
231 462 0
232 462 0
233 462 0
234 462 0
235 462 0
236 462 0
237 462 0
238 462 0
239 462 0
240 462 0
241 462 0
248 462 0
251 462 0
252 462 0
253 462 0
254 462 0
255 462 0
256 462 0
257 462 0
258 462 0
259 462 0
260 462 0
261 462 0
262 462 0
263 462 0
264 462 0
265 462 0
266 462 0
267 462 0
268 462 0
269 462 0
270 462 0
271 462 0
272 462 0
273 462 0
274 462 0
275 462 0
181 463 0
182 463 0
183 463 0
184 463 0
185 463 0
186 463 0
187 463 0
188 463 0
189 463 0
190 463 0
191 463 0
192 463 0
193 463 0
194 463 0
195 463 0
196 463 0
197 463 0
198 463 0
199 463 0
200 463 0
201 463 0
202 463 0
203 463 0
204 463 0
205 463 0
206 463 0
207 463 0
208 463 0
209 463 0
210 463 0
211 463 0
212 463 0
213 463 0
214 463 0
215 463 0
216 463 0
217 463 0
218 463 0
219 463 0
220 463 0
221 463 0
222 463 0
223 463 0
224 463 0
225 463 0
226 463 0
227 463 0
228 463 0
229 463 0
230 463 0
231 463 0
232 463 0
233 463 0
234 463 0
235 463 0
236 463 0
237 463 0
238 463 0
239 463 0
240 463 0
241 463 0
242 463 0
244 463 0
249 463 0
250 463 0
251 463 0
252 463 0
253 463 0
254 463 0
255 463 0
256 463 0
257 463 0
258 463 0
259 463 0
260 463 0
261 463 0
262 463 0
263 463 0
264 463 0
265 463 0
266 463 0
267 463 0
268 463 0
269 463 0
270 463 0
271 463 0
272 463 0
273 463 0
274 463 0
181 464 0
182 464 0
183 464 0
184 464 0
185 464 0
186 464 0
187 464 0
188 464 0
189 464 0
190 464 0
191 464 0
192 464 0
193 464 0
194 464 0
195 464 0
196 464 0
197 464 0
198 464 0
199 464 0
200 464 0
201 464 0
202 464 0
203 464 0
204 464 0
205 464 0
206 464 0
207 464 0
208 464 0
209 464 0
210 464 0
211 464 0
212 464 0
213 464 0
214 464 0
215 464 0
216 464 0
217 464 0
218 464 0
219 464 0
220 464 0
221 464 0
222 464 0
223 464 0
224 464 0
225 464 0
226 464 0
227 464 0
228 464 0
229 464 0
230 464 0
231 464 0
232 464 0
233 464 0
234 464 0
235 464 0
236 464 0
237 464 0
238 464 0
239 464 0
240 464 0
241 464 0
242 464 0
243 464 0
244 464 0
251 464 0
252 464 0
253 464 0
254 464 0
255 464 0
256 464 0
257 464 0
258 464 0
259 464 0
260 464 0
261 464 0
262 464 0
263 464 0
264 464 0
265 464 0
266 464 0
267 464 0
268 464 0
269 464 0
270 464 0
271 464 0
272 464 0
273 464 0
274 464 0
181 465 0
182 465 0
183 465 0
184 465 0
185 465 0
186 465 0
187 465 0
188 465 0
189 465 0
190 465 0
191 465 0
192 465 0
193 465 0
194 465 0
195 465 0
196 465 0
197 465 0
198 465 0
199 465 0
200 465 0
201 465 0
202 465 0
203 465 0
204 465 0
205 465 0
206 465 0
207 465 0
208 465 0
209 465 0
210 465 0
211 465 0
212 465 0
213 465 0
214 465 0
215 465 0
216 465 0
217 465 0
218 465 0
219 465 0
220 465 0
221 465 0
222 465 0
223 465 0
224 465 0
225 465 0
226 465 0
227 465 0
228 465 0
229 465 0
230 465 0
231 465 0
232 465 0
233 465 0
234 465 0
235 465 0
236 465 0
237 465 0
238 465 0
239 465 0
240 465 0
241 465 0
242 465 0
243 465 0
244 465 0
245 465 0
246 465 0
249 465 0
250 465 0
251 465 0
252 465 0
253 465 0
254 465 0
255 465 0
256 465 0
257 465 0
258 465 0
259 465 0
260 465 0
261 465 0
262 465 0
263 465 0
264 465 0
265 465 0
266 465 0
267 465 0
268 465 0
269 465 0
270 465 0
271 465 0
272 465 0
273 465 0
274 465 0
181 466 0
182 466 0
183 466 0
184 466 0
185 466 0
186 466 0
187 466 0
188 466 0
189 466 0
190 466 0
191 466 0
192 466 0
193 466 0
194 466 0
195 466 0
196 466 0
197 466 0
198 466 0
199 466 0
200 466 0
201 466 0
202 466 0
203 466 0
204 466 0
205 466 0
206 466 0
207 466 0
208 466 0
209 466 0
210 466 0
211 466 0
212 466 0
213 466 0
214 466 0
215 466 0
216 466 0
217 466 0
218 466 0
219 466 0
220 466 0
221 466 0
222 466 0
223 466 0
224 466 0
225 466 0
226 466 0
227 466 0
228 466 0
229 466 0
230 466 0
231 466 0
232 466 0
233 466 0
234 466 0
235 466 0
236 466 0
237 466 0
238 466 0
239 466 0
240 466 0
241 466 0
242 466 0
243 466 0
244 466 0
245 466 0
246 466 0
247 466 0
248 466 0
249 466 0
250 466 0
251 466 0
252 466 0
253 466 0
254 466 0
255 466 0
256 466 0
257 466 0
258 466 0
259 466 0
260 466 0
261 466 0
262 466 0
263 466 0
264 466 0
265 466 0
266 466 0
267 466 0
268 466 0
269 466 0
270 466 0
271 466 0
272 466 0
273 466 0
274 466 0
181 467 0
182 467 0
183 467 0
184 467 0
185 467 0
186 467 0
187 467 0
188 467 0
189 467 0
190 467 0
191 467 0
192 467 0
193 467 0
194 467 0
195 467 0
196 467 0
197 467 0
198 467 0
199 467 0
200 467 0
201 467 0
202 467 0
203 467 0
204 467 0
205 467 0
206 467 0
207 467 0
208 467 0
209 467 0
210 467 0
211 467 0
212 467 0
213 467 0
214 467 0
215 467 0
216 467 0
217 467 0
218 467 0
219 467 0
220 467 0
221 467 0
222 467 0
223 467 0
224 467 0
225 467 0
226 467 0
227 467 0
228 467 0
229 467 0
230 467 0
231 467 0
232 467 0
233 467 0
234 467 0
235 467 0
236 467 0
237 467 0
238 467 0
239 467 0
240 467 0
241 467 0
242 467 0
243 467 0
244 467 0
245 467 0
246 467 0
247 467 0
248 467 0
249 467 0
250 467 0
251 467 0
252 467 0
253 467 0
254 467 0
255 467 0
256 467 0
257 467 0
258 467 0
259 467 0
260 467 0
261 467 0
262 467 0
263 467 0
264 467 0
265 467 0
266 467 0
267 467 0
268 467 0
269 467 0
270 467 0
271 467 0
272 467 0
273 467 0
274 467 0
275 467 0
181 468 0
182 468 0
183 468 0
184 468 0
185 468 0
186 468 0
187 468 0
188 468 0
189 468 0
190 468 0
191 468 0
192 468 0
193 468 0
194 468 0
195 468 0
196 468 0
197 468 0
198 468 0
199 468 0
200 468 0
201 468 0
202 468 0
203 468 0
204 468 0
205 468 0
206 468 0
207 468 0
208 468 0
209 468 0
210 468 0
211 468 0
212 468 0
213 468 0
214 468 0
215 468 0
216 468 0
217 468 0
218 468 0
219 468 0
220 468 0
221 468 0
222 468 0
223 468 0
224 468 0
225 468 0
226 468 0
227 468 0
228 468 0
229 468 0
230 468 0
231 468 0
232 468 0
233 468 0
234 468 0
235 468 0
236 468 0
237 468 0
238 468 0
239 468 0
240 468 0
241 468 0
242 468 0
243 468 0
244 468 0
245 468 0
246 468 0
247 468 0
248 468 0
249 468 0
250 468 0
251 468 0
252 468 0
253 468 0
254 468 0
255 468 0
256 468 0
257 468 0
258 468 0
259 468 0
260 468 0
261 468 0
262 468 0
263 468 0
264 468 0
265 468 0
266 468 0
267 468 0
268 468 0
269 468 0
270 468 0
271 468 0
272 468 0
273 468 0
274 468 0
275 468 0
276 468 0
181 469 0
182 469 0
183 469 0
184 469 0
185 469 0
186 469 0
187 469 0
188 469 0
189 469 0
190 469 0
191 469 0
192 469 0
193 469 0
194 469 0
195 469 0
196 469 0
197 469 0
198 469 0
199 469 0
200 469 0
201 469 0
202 469 0
203 469 0
204 469 0
205 469 0
206 469 0
207 469 0
208 469 0
209 469 0
210 469 0
211 469 0
212 469 0
213 469 0
214 469 0
215 469 0
216 469 0
217 469 0
218 469 0
219 469 0
220 469 0
221 469 0
222 469 0
223 469 0
224 469 0
225 469 0
226 469 0
227 469 0
228 469 0
229 469 0
230 469 0
231 469 0
232 469 0
233 469 0
234 469 0
235 469 0
236 469 0
237 469 0
238 469 0
239 469 0
240 469 0
241 469 0
242 469 0
243 469 0
244 469 0
245 469 0
246 469 0
247 469 0
248 469 0
249 469 0
250 469 0
251 469 0
252 469 0
253 469 0
254 469 0
255 469 0
256 469 0
257 469 0
258 469 0
259 469 0
260 469 0
261 469 0
262 469 0
263 469 0
264 469 0
265 469 0
266 469 0
267 469 0
268 469 0
269 469 0
270 469 0
271 469 0
272 469 0
273 469 0
274 469 0
275 469 0
276 469 0
277 469 0
278 469 0
279 469 0
181 470 0
182 470 0
183 470 0
184 470 0
185 470 0
186 470 0
187 470 0
188 470 0
189 470 0
190 470 0
191 470 0
192 470 0
193 470 0
194 470 0
195 470 0
196 470 0
197 470 0
198 470 0
199 470 0
200 470 0
201 470 0
202 470 0
203 470 0
204 470 0
205 470 0
206 470 0
207 470 0
208 470 0
209 470 0
210 470 0
211 470 0
212 470 0
213 470 0
214 470 0
215 470 0
216 470 0
217 470 0
218 470 0
219 470 0
220 470 0
221 470 0
222 470 0
223 470 0
224 470 0
225 470 0
226 470 0
227 470 0
228 470 0
229 470 0
230 470 0
231 470 0
232 470 0
233 470 0
234 470 0
235 470 0
236 470 0
237 470 0
238 470 0
239 470 0
240 470 0
241 470 0
242 470 0
243 470 0
244 470 0
245 470 0
246 470 0
247 470 0
248 470 0
249 470 0
250 470 0
251 470 0
252 470 0
253 470 0
254 470 0
255 470 0
256 470 0
257 470 0
258 470 0
259 470 0
260 470 0
261 470 0
262 470 0
263 470 0
264 470 0
265 470 0
266 470 0
267 470 0
268 470 0
269 470 0
270 470 0
271 470 0
272 470 0
273 470 0
274 470 0
275 470 0
276 470 0
277 470 0
278 470 0
279 470 0
181 471 0
182 471 0
183 471 0
184 471 0
185 471 0
186 471 0
187 471 0
188 471 0
189 471 0
190 471 0
191 471 0
192 471 0
193 471 0
194 471 0
195 471 0
196 471 0
197 471 0
198 471 0
199 471 0
200 471 0
201 471 0
202 471 0
203 471 0
204 471 0
205 471 0
206 471 0
207 471 0
208 471 0
209 471 0
210 471 0
211 471 0
212 471 0
213 471 0
214 471 0
215 471 0
216 471 0
217 471 0
218 471 0
219 471 0
220 471 0
221 471 0
222 471 0
223 471 0
224 471 0
225 471 0
226 471 0
227 471 0
228 471 0
229 471 0
230 471 0
231 471 0
232 471 0
233 471 0
234 471 0
235 471 0
236 471 0
237 471 0
238 471 0
239 471 0
240 471 0
241 471 0
242 471 0
243 471 0
244 471 0
245 471 0
246 471 0
247 471 0
248 471 0
249 471 0
250 471 0
251 471 0
252 471 0
253 471 0
254 471 0
255 471 0
256 471 0
257 471 0
258 471 0
259 471 0
260 471 0
261 471 0
262 471 0
263 471 0
264 471 0
265 471 0
266 471 0
267 471 0
268 471 0
269 471 0
270 471 0
271 471 0
272 471 0
273 471 0
274 471 0
275 471 0
276 471 0
277 471 0
278 471 0
279 471 0
181 472 0
182 472 0
183 472 0
184 472 0
185 472 0
186 472 0
187 472 0
188 472 0
189 472 0
190 472 0
191 472 0
192 472 0
193 472 0
194 472 0
195 472 0
196 472 0
197 472 0
198 472 0
199 472 0
200 472 0
201 472 0
202 472 0
203 472 0
204 472 0
205 472 0
206 472 0
207 472 0
208 472 0
209 472 0
210 472 0
211 472 0
212 472 0
213 472 0
214 472 0
215 472 0
216 472 0
217 472 0
218 472 0
219 472 0
220 472 0
221 472 0
222 472 0
223 472 0
224 472 0
225 472 0
226 472 0
227 472 0
228 472 0
229 472 0
230 472 0
231 472 0
232 472 0
233 472 0
234 472 0
235 472 0
236 472 0
237 472 0
238 472 0
239 472 0
240 472 0
241 472 0
242 472 0
243 472 0
244 472 0
245 472 0
246 472 0
247 472 0
248 472 0
249 472 0
250 472 0
251 472 0
252 472 0
253 472 0
254 472 0
255 472 0
256 472 0
257 472 0
258 472 0
259 472 0
260 472 0
261 472 0
262 472 0
263 472 0
264 472 0
265 472 0
266 472 0
267 472 0
268 472 0
269 472 0
270 472 0
271 472 0
272 472 0
273 472 0
274 472 0
275 472 0
276 472 0
277 472 0
278 472 0
279 472 0
181 473 0
182 473 0
183 473 0
184 473 0
185 473 0
186 473 0
187 473 0
188 473 0
189 473 0
190 473 0
191 473 0
192 473 0
193 473 0
194 473 0
195 473 0
196 473 0
197 473 0
198 473 0
199 473 0
200 473 0
201 473 0
202 473 0
203 473 0
204 473 0
205 473 0
206 473 0
207 473 0
208 473 0
209 473 0
210 473 0
211 473 0
212 473 0
213 473 0
214 473 0
215 473 0
216 473 0
217 473 0
218 473 0
219 473 0
220 473 0
221 473 0
222 473 0
223 473 0
224 473 0
225 473 0
226 473 0
227 473 0
228 473 0
229 473 0
230 473 0
231 473 0
232 473 0
233 473 0
234 473 0
235 473 0
236 473 0
237 473 0
238 473 0
239 473 0
240 473 0
241 473 0
242 473 0
243 473 0
244 473 0
245 473 0
246 473 0
247 473 0
248 473 0
249 473 0
250 473 0
251 473 0
252 473 0
253 473 0
254 473 0
255 473 0
256 473 0
257 473 0
258 473 0
259 473 0
260 473 0
261 473 0
262 473 0
263 473 0
264 473 0
265 473 0
266 473 0
267 473 0
270 473 0
271 473 0
272 473 0
273 473 0
274 473 0
275 473 0
276 473 0
277 473 0
278 473 0
279 473 0
181 474 0
182 474 0
183 474 0
184 474 0
185 474 0
186 474 0
187 474 0
188 474 0
189 474 0
190 474 0
191 474 0
192 474 0
193 474 0
194 474 0
195 474 0
196 474 0
197 474 0
198 474 0
199 474 0
200 474 0
201 474 0
202 474 0
203 474 0
204 474 0
205 474 0
206 474 0
207 474 0
208 474 0
209 474 0
210 474 0
211 474 0
212 474 0
213 474 0
214 474 0
215 474 0
216 474 0
217 474 0
218 474 0
219 474 0
220 474 0
221 474 0
222 474 0
223 474 0
224 474 0
225 474 0
226 474 0
227 474 0
228 474 0
229 474 0
230 474 0
231 474 0
232 474 0
233 474 0
234 474 0
235 474 0
236 474 0
237 474 0
238 474 0
239 474 0
240 474 0
241 474 0
242 474 0
243 474 0
244 474 0
245 474 0
246 474 0
247 474 0
248 474 0
249 474 0
250 474 0
251 474 0
252 474 0
253 474 0
254 474 0
255 474 0
256 474 0
257 474 0
258 474 0
259 474 0
260 474 0
261 474 0
262 474 0
263 474 0
264 474 0
271 474 0
272 474 0
273 474 0
274 474 0
275 474 0
276 474 0
277 474 0
278 474 0
279 474 0
181 475 0
182 475 0
183 475 0
184 475 0
185 475 0
186 475 0
187 475 0
188 475 0
189 475 0
190 475 0
191 475 0
192 475 0
193 475 0
194 475 0
195 475 0
196 475 0
197 475 0
198 475 0
199 475 0
200 475 0
201 475 0
202 475 0
203 475 0
204 475 0
205 475 0
206 475 0
207 475 0
208 475 0
209 475 0
210 475 0
211 475 0
212 475 0
213 475 0
214 475 0
215 475 0
216 475 0
217 475 0
218 475 0
219 475 0
220 475 0
221 475 0
222 475 0
223 475 0
224 475 0
225 475 0
226 475 0
227 475 0
228 475 0
229 475 0
230 475 0
231 475 0
232 475 0
233 475 0
234 475 0
235 475 0
236 475 0
237 475 0
238 475 0
239 475 0
240 475 0
241 475 0
242 475 0
243 475 0
244 475 0
245 475 0
246 475 0
247 475 0
248 475 0
249 475 0
250 475 0
251 475 0
252 475 0
253 475 0
254 475 0
255 475 0
256 475 0
257 475 0
258 475 0
259 475 0
260 475 0
261 475 0
262 475 0
263 475 0
270 475 0
271 475 0
272 475 0
273 475 0
274 475 0
275 475 0
276 475 0
277 475 0
278 475 0
279 475 0
181 476 0
182 476 0
183 476 0
184 476 0
185 476 0
186 476 0
187 476 0
188 476 0
189 476 0
190 476 0
191 476 0
192 476 0
193 476 0
194 476 0
195 476 0
196 476 0
197 476 0
198 476 0
199 476 0
200 476 0
201 476 0
202 476 0
203 476 0
204 476 0
205 476 0
206 476 0
207 476 0
208 476 0
209 476 0
210 476 0
211 476 0
212 476 0
213 476 0
214 476 0
215 476 0
216 476 0
217 476 0
218 476 0
219 476 0
220 476 0
221 476 0
222 476 0
223 476 0
224 476 0
225 476 0
226 476 0
227 476 0
228 476 0
229 476 0
230 476 0
231 476 0
232 476 0
233 476 0
234 476 0
235 476 0
236 476 0
237 476 0
238 476 0
239 476 0
240 476 0
241 476 0
242 476 0
243 476 0
244 476 0
245 476 0
246 476 0
247 476 0
248 476 0
249 476 0
250 476 0
251 476 0
252 476 0
253 476 0
254 476 0
255 476 0
256 476 0
257 476 0
258 476 0
259 476 0
260 476 0
261 476 0
262 476 0
270 476 0
271 476 0
272 476 0
273 476 0
274 476 0
275 476 0
276 476 0
277 476 0
278 476 0
279 476 0
181 477 0
182 477 0
183 477 0
184 477 0
185 477 0
186 477 0
187 477 0
188 477 0
189 477 0
190 477 0
191 477 0
192 477 0
193 477 0
194 477 0
195 477 0
196 477 0
197 477 0
198 477 0
199 477 0
200 477 0
201 477 0
202 477 0
203 477 0
204 477 0
205 477 0
206 477 0
207 477 0
208 477 0
209 477 0
210 477 0
211 477 0
212 477 0
213 477 0
214 477 0
215 477 0
216 477 0
217 477 0
218 477 0
219 477 0
220 477 0
221 477 0
222 477 0
223 477 0
224 477 0
225 477 0
226 477 0
227 477 0
228 477 0
229 477 0
230 477 0
231 477 0
232 477 0
233 477 0
234 477 0
235 477 0
236 477 0
237 477 0
238 477 0
239 477 0
240 477 0
241 477 0
242 477 0
243 477 0
244 477 0
245 477 0
246 477 0
247 477 0
248 477 0
249 477 0
250 477 0
251 477 0
252 477 0
253 477 0
254 477 0
255 477 0
256 477 0
257 477 0
258 477 0
259 477 0
260 477 0
261 477 0
270 477 0
271 477 0
272 477 0
273 477 0
274 477 0
275 477 0
276 477 0
277 477 0
278 477 0
279 477 0
181 478 0
182 478 0
183 478 0
184 478 0
185 478 0
186 478 0
187 478 0
188 478 0
189 478 0
190 478 0
191 478 0
192 478 0
193 478 0
194 478 0
195 478 0
196 478 0
197 478 0
198 478 0
199 478 0
200 478 0
201 478 0
202 478 0
203 478 0
204 478 0
205 478 0
206 478 0
207 478 0
208 478 0
209 478 0
210 478 0
211 478 0
212 478 0
213 478 0
214 478 0
215 478 0
216 478 0
217 478 0
218 478 0
219 478 0
220 478 0
221 478 0
222 478 0
223 478 0
224 478 0
225 478 0
226 478 0
227 478 0
228 478 0
229 478 0
230 478 0
231 478 0
232 478 0
233 478 0
234 478 0
235 478 0
236 478 0
237 478 0
238 478 0
239 478 0
240 478 0
241 478 0
242 478 0
243 478 0
244 478 0
245 478 0
246 478 0
247 478 0
248 478 0
249 478 0
250 478 0
251 478 0
252 478 0
253 478 0
254 478 0
255 478 0
256 478 0
257 478 0
258 478 0
259 478 0
260 478 0
269 478 0
270 478 0
271 478 0
272 478 0
273 478 0
274 478 0
275 478 0
276 478 0
277 478 0
278 478 0
279 478 0
181 479 0
182 479 0
183 479 0
184 479 0
185 479 0
186 479 0
187 479 0
188 479 0
189 479 0
190 479 0
191 479 0
192 479 0
193 479 0
194 479 0
195 479 0
196 479 0
197 479 0
198 479 0
199 479 0
200 479 0
201 479 0
202 479 0
203 479 0
204 479 0
205 479 0
206 479 0
207 479 0
208 479 0
209 479 0
210 479 0
211 479 0
212 479 0
213 479 0
214 479 0
215 479 0
216 479 0
217 479 0
218 479 0
219 479 0
220 479 0
221 479 0
222 479 0
223 479 0
224 479 0
225 479 0
226 479 0
227 479 0
228 479 0
229 479 0
230 479 0
231 479 0
232 479 0
233 479 0
234 479 0
235 479 0
236 479 0
237 479 0
238 479 0
239 479 0
240 479 0
241 479 0
242 479 0
243 479 0
244 479 0
245 479 0
246 479 0
247 479 0
248 479 0
249 479 0
250 479 0
251 479 0
252 479 0
253 479 0
257 479 0
258 479 0
259 479 0
267 479 0
268 479 0
269 479 0
270 479 0
271 479 0
272 479 0
273 479 0
274 479 0
275 479 0
276 479 0
277 479 0
278 479 0
279 479 0
181 480 0
182 480 0
183 480 0
184 480 0
185 480 0
186 480 0
187 480 0
188 480 0
189 480 0
190 480 0
191 480 0
192 480 0
193 480 0
194 480 0
195 480 0
196 480 0
197 480 0
201 480 0
202 480 0
203 480 0
204 480 0
205 480 0
206 480 0
207 480 0
208 480 0
209 480 0
210 480 0
211 480 0
212 480 0
213 480 0
214 480 0
215 480 0
216 480 0
217 480 0
218 480 0
219 480 0
220 480 0
221 480 0
222 480 0
223 480 0
224 480 0
225 480 0
226 480 0
227 480 0
228 480 0
229 480 0
230 480 0
231 480 0
232 480 0
233 480 0
234 480 0
235 480 0
236 480 0
237 480 0
238 480 0
239 480 0
240 480 0
241 480 0
242 480 0
243 480 0
244 480 0
245 480 0
246 480 0
247 480 0
248 480 0
249 480 0
250 480 0
251 480 0
252 480 0
258 480 0
267 480 0
268 480 0
269 480 0
270 480 0
271 480 0
272 480 0
273 480 0
274 480 0
275 480 0
276 480 0
277 480 0
278 480 0
279 480 0
181 481 0
186 481 0
187 481 0
188 481 0
189 481 0
190 481 0
191 481 0
192 481 0
193 481 0
194 481 0
195 481 0
196 481 0
197 481 0
202 481 0
203 481 0
204 481 0
205 481 0
206 481 0
207 481 0
208 481 0
209 481 0
210 481 0
211 481 0
212 481 0
213 481 0
214 481 0
215 481 0
216 481 0
217 481 0
218 481 0
219 481 0
220 481 0
221 481 0
222 481 0
223 481 0
224 481 0
225 481 0
226 481 0
227 481 0
228 481 0
229 481 0
230 481 0
231 481 0
232 481 0
233 481 0
234 481 0
235 481 0
236 481 0
237 481 0
238 481 0
239 481 0
240 481 0
241 481 0
242 481 0
243 481 0
244 481 0
245 481 0
246 481 0
247 481 0
248 481 0
249 481 0
250 481 0
251 481 0
252 481 0
257 481 0
258 481 0
259 481 0
260 481 0
261 481 0
262 481 0
263 481 0
264 481 0
265 481 0
266 481 0
267 481 0
268 481 0
269 481 0
270 481 0
271 481 0
272 481 0
273 481 0
274 481 0
275 481 0
276 481 0
277 481 0
278 481 0
279 481 0
181 482 0
191 482 0
192 482 0
193 482 0
196 482 0
197 482 0
203 482 0
204 482 0
205 482 0
206 482 0
207 482 0
208 482 0
209 482 0
210 482 0
211 482 0
212 482 0
213 482 0
214 482 0
215 482 0
216 482 0
217 482 0
218 482 0
219 482 0
220 482 0
221 482 0
222 482 0
223 482 0
224 482 0
225 482 0
226 482 0
227 482 0
228 482 0
229 482 0
230 482 0
231 482 0
232 482 0
233 482 0
234 482 0
235 482 0
236 482 0
237 482 0
238 482 0
239 482 0
240 482 0
241 482 0
242 482 0
243 482 0
244 482 0
245 482 0
246 482 0
247 482 0
248 482 0
249 482 0
250 482 0
251 482 0
252 482 0
256 482 0
257 482 0
258 482 0
259 482 0
260 482 0
261 482 0
262 482 0
263 482 0
264 482 0
265 482 0
266 482 0
267 482 0
268 482 0
269 482 0
270 482 0
271 482 0
272 482 0
273 482 0
274 482 0
275 482 0
276 482 0
277 482 0
278 482 0
279 482 0
181 483 0
202 483 0
203 483 0
204 483 0
205 483 0
206 483 0
207 483 0
208 483 0
209 483 0
210 483 0
211 483 0
212 483 0
213 483 0
214 483 0
215 483 0
216 483 0
217 483 0
218 483 0
219 483 0
220 483 0
221 483 0
222 483 0
223 483 0
224 483 0
225 483 0
226 483 0
227 483 0
228 483 0
229 483 0
230 483 0
231 483 0
232 483 0
233 483 0
234 483 0
235 483 0
236 483 0
237 483 0
238 483 0
239 483 0
240 483 0
241 483 0
242 483 0
243 483 0
244 483 0
245 483 0
246 483 0
247 483 0
248 483 0
249 483 0
250 483 0
251 483 0
255 483 0
256 483 0
257 483 0
258 483 0
259 483 0
260 483 0
261 483 0
262 483 0
263 483 0
264 483 0
265 483 0
266 483 0
267 483 0
268 483 0
269 483 0
270 483 0
271 483 0
272 483 0
273 483 0
274 483 0
275 483 0
276 483 0
277 483 0
278 483 0
279 483 0
181 484 0
182 484 0
205 484 0
217 484 0
218 484 0
219 484 0
220 484 0
221 484 0
222 484 0
223 484 0
224 484 0
225 484 0
226 484 0
227 484 0
228 484 0
229 484 0
230 484 0
231 484 0
232 484 0
233 484 0
234 484 0
235 484 0
236 484 0
237 484 0
238 484 0
239 484 0
240 484 0
241 484 0
242 484 0
243 484 0
244 484 0
245 484 0
246 484 0
247 484 0
248 484 0
249 484 0
250 484 0
251 484 0
255 484 0
256 484 0
257 484 0
258 484 0
259 484 0
260 484 0
261 484 0
262 484 0
263 484 0
264 484 0
265 484 0
266 484 0
267 484 0
268 484 0
269 484 0
270 484 0
271 484 0
272 484 0
273 484 0
274 484 0
275 484 0
276 484 0
277 484 0
278 484 0
279 484 0
181 485 0
182 485 0
185 485 0
186 485 0
187 485 0
188 485 0
218 485 0
219 485 0
220 485 0
221 485 0
222 485 0
223 485 0
224 485 0
225 485 0
226 485 0
227 485 0
228 485 0
229 485 0
230 485 0
231 485 0
232 485 0
233 485 0
234 485 0
235 485 0
236 485 0
237 485 0
238 485 0
239 485 0
240 485 0
241 485 0
242 485 0
243 485 0
244 485 0
245 485 0
246 485 0
247 485 0
248 485 0
249 485 0
250 485 0
254 485 0
255 485 0
256 485 0
257 485 0
258 485 0
259 485 0
260 485 0
261 485 0
262 485 0
263 485 0
264 485 0
265 485 0
266 485 0
267 485 0
268 485 0
269 485 0
270 485 0
271 485 0
272 485 0
273 485 0
274 485 0
275 485 0
276 485 0
277 485 0
278 485 0
279 485 0
181 486 0
182 486 0
186 486 0
187 486 0
188 486 0
189 486 0
190 486 0
213 486 0
219 486 0
220 486 0
221 486 0
222 486 0
223 486 0
224 486 0
225 486 0
226 486 0
227 486 0
228 486 0
229 486 0
230 486 0
231 486 0
232 486 0
233 486 0
234 486 0
235 486 0
236 486 0
237 486 0
238 486 0
239 486 0
240 486 0
241 486 0
242 486 0
243 486 0
244 486 0
245 486 0
246 486 0
247 486 0
248 486 0
249 486 0
255 486 0
256 486 0
257 486 0
258 486 0
259 486 0
260 486 0
261 486 0
262 486 0
263 486 0
264 486 0
265 486 0
266 486 0
267 486 0
268 486 0
269 486 0
270 486 0
271 486 0
272 486 0
273 486 0
274 486 0
275 486 0
276 486 0
277 486 0
278 486 0
279 486 0
181 487 0
190 487 0
191 487 0
206 487 0
207 487 0
208 487 0
209 487 0
210 487 0
211 487 0
219 487 0
220 487 0
221 487 0
222 487 0
223 487 0
224 487 0
225 487 0
226 487 0
227 487 0
228 487 0
229 487 0
230 487 0
231 487 0
232 487 0
233 487 0
234 487 0
235 487 0
236 487 0
237 487 0
238 487 0
239 487 0
240 487 0
241 487 0
242 487 0
243 487 0
244 487 0
245 487 0
246 487 0
247 487 0
248 487 0
249 487 0
250 487 0
254 487 0
255 487 0
256 487 0
257 487 0
258 487 0
259 487 0
260 487 0
261 487 0
262 487 0
263 487 0
264 487 0
265 487 0
266 487 0
267 487 0
268 487 0
269 487 0
270 487 0
271 487 0
272 487 0
273 487 0
274 487 0
275 487 0
276 487 0
277 487 0
278 487 0
279 487 0
181 488 0
192 488 0
193 488 0
194 488 0
200 488 0
201 488 0
202 488 0
203 488 0
204 488 0
205 488 0
216 488 0
217 488 0
218 488 0
219 488 0
220 488 0
221 488 0
222 488 0
223 488 0
224 488 0
225 488 0
226 488 0
227 488 0
228 488 0
229 488 0
230 488 0
231 488 0
232 488 0
233 488 0
234 488 0
235 488 0
236 488 0
237 488 0
238 488 0
239 488 0
240 488 0
241 488 0
242 488 0
243 488 0
244 488 0
245 488 0
246 488 0
247 488 0
248 488 0
249 488 0
250 488 0
251 488 0
252 488 0
253 488 0
254 488 0
255 488 0
256 488 0
257 488 0
258 488 0
259 488 0
260 488 0
261 488 0
262 488 0
263 488 0
264 488 0
265 488 0
266 488 0
267 488 0
268 488 0
269 488 0
270 488 0
271 488 0
272 488 0
273 488 0
274 488 0
275 488 0
276 488 0
277 488 0
278 488 0
279 488 0
194 489 0
195 489 0
197 489 0
198 489 0
199 489 0
200 489 0
201 489 0
203 489 0
217 489 0
219 489 0
220 489 0
221 489 0
222 489 0
223 489 0
224 489 0
225 489 0
226 489 0
227 489 0
228 489 0
229 489 0
230 489 0
231 489 0
232 489 0
233 489 0
234 489 0
235 489 0
236 489 0
237 489 0
238 489 0
239 489 0
240 489 0
241 489 0
242 489 0
243 489 0
244 489 0
245 489 0
246 489 0
247 489 0
248 489 0
249 489 0
250 489 0
251 489 0
252 489 0
253 489 0
254 489 0
255 489 0
256 489 0
257 489 0
258 489 0
259 489 0
260 489 0
261 489 0
262 489 0
263 489 0
264 489 0
265 489 0
266 489 0
267 489 0
268 489 0
269 489 0
270 489 0
271 489 0
272 489 0
273 489 0
274 489 0
275 489 0
276 489 0
277 489 0
278 489 0
279 489 0
221 490 0
222 490 0
223 490 0
224 490 0
225 490 0
226 490 0
227 490 0
228 490 0
229 490 0
230 490 0
231 490 0
232 490 0
233 490 0
234 490 0
235 490 0
236 490 0
237 490 0
238 490 0
239 490 0
240 490 0
241 490 0
242 490 0
243 490 0
244 490 0
245 490 0
246 490 0
247 490 0
248 490 0
249 490 0
250 490 0
251 490 0
252 490 0
253 490 0
254 490 0
255 490 0
256 490 0
257 490 0
258 490 0
259 490 0
260 490 0
261 490 0
262 490 0
263 490 0
264 490 0
265 490 0
266 490 0
267 490 0
268 490 0
269 490 0
270 490 0
271 490 0
272 490 0
273 490 0
274 490 0
275 490 0
276 490 0
277 490 0
278 490 0
279 490 0
223 491 0
224 491 0
225 491 0
226 491 0
227 491 0
228 491 0
229 491 0
230 491 0
231 491 0
232 491 0
233 491 0
234 491 0
235 491 0
236 491 0
237 491 0
238 491 0
239 491 0
240 491 0
241 491 0
242 491 0
243 491 0
244 491 0
245 491 0
246 491 0
247 491 0
248 491 0
249 491 0
250 491 0
251 491 0
252 491 0
253 491 0
254 491 0
255 491 0
256 491 0
257 491 0
258 491 0
259 491 0
260 491 0
261 491 0
262 491 0
263 491 0
264 491 0
265 491 0
266 491 0
268 491 0
269 491 0
270 491 0
271 491 0
272 491 0
273 491 0
274 491 0
275 491 0
276 491 0
277 491 0
278 491 0
279 491 0
226 492 0
227 492 0
228 492 0
229 492 0
230 492 0
231 492 0
232 492 0
233 492 0
234 492 0
235 492 0
236 492 0
237 492 0
238 492 0
239 492 0
240 492 0
241 492 0
242 492 0
243 492 0
244 492 0
245 492 0
246 492 0
247 492 0
248 492 0
249 492 0
250 492 0
251 492 0
252 492 0
253 492 0
254 492 0
255 492 0
256 492 0
257 492 0
258 492 0
259 492 0
260 492 0
261 492 0
262 492 0
263 492 0
264 492 0
265 492 0
268 492 0
269 492 0
270 492 0
271 492 0
272 492 0
273 492 0
274 492 0
275 492 0
276 492 0
230 493 0
231 493 0
232 493 0
233 493 0
234 493 0
235 493 0
236 493 0
237 493 0
238 493 0
239 493 0
240 493 0
241 493 0
242 493 0
243 493 0
244 493 0
245 493 0
246 493 0
247 493 0
248 493 0
249 493 0
250 493 0
251 493 0
252 493 0
253 493 0
254 493 0
255 493 0
256 493 0
257 493 0
258 493 0
259 493 0
260 493 0
261 493 0
262 493 0
263 493 0
264 493 0
265 493 0
268 493 0
274 493 0
275 493 0
234 494 0
235 494 0
236 494 0
237 494 0
238 494 0
239 494 0
240 494 0
241 494 0
242 494 0
243 494 0
244 494 0
245 494 0
246 494 0
247 494 0
248 494 0
249 494 0
250 494 0
251 494 0
252 494 0
253 494 0
256 494 0
257 494 0
258 494 0
259 494 0
260 494 0
261 494 0
262 494 0
263 494 0
264 494 0
265 494 0
236 495 0
237 495 0
238 495 0
239 495 0
240 495 0
241 495 0
242 495 0
243 495 0
244 495 0
245 495 0
246 495 0
247 495 0
248 495 0
249 495 0
250 495 0
251 495 0
258 495 0
259 495 0
260 495 0
261 495 0
262 495 0
263 495 0
264 495 0
265 495 0
266 495 0
237 496 0
238 496 0
239 496 0
240 496 0
241 496 0
242 496 0
243 496 0
244 496 0
245 496 0
246 496 0
247 496 0
248 496 0
249 496 0
259 496 0
260 496 0
261 496 0
262 496 0
263 496 0
264 496 0
265 496 0
266 496 0
239 497 0
240 497 0
241 497 0
242 497 0
244 497 0
245 497 0
246 497 0
247 497 0
248 497 0
260 497 0
261 497 0
262 497 0
263 497 0
264 497 0
265 497 0
266 497 0
244 498 0
245 498 0
246 498 0
263 498 0
264 498 0
265 498 0
266 498 0
264 499 0
265 499 0
