Id      Q1+Q2   Q3      Q4      Q5      Q6     Q7    Q8    Total
        20      10      10      10      15     10          75

0151    9       6       1       7       3      7.5   2     35.5
0514    10      5       1       8.5     2      9.5   3     39
0743    8       1       1       4       4      5     1     24
1080    14      7       9       7       13     8     7     65
1132    9       6       1       4       4      4.5   3     31.5
1365    17      5       8       7       5                  42      
1477    17      6       7       7       6      9     8     60
1504    3       2       1       7       4      8     4     30
1647    15      10      9       7.5     3      9.5   8     62
1976    0       10      8               4      10    7     39      
2547    11      7       8       6       7      10    3     52
3608    10      7                       3      5           25      
3945    20      4       5       5       4      10    7     55
4027    3       5       5       1                          14      
4792    12      6       7       5       3      4     4     41
5337    0       4                              4.5   2     10.5      
5367    19      4       10      6.5     15     10          64.5    
5757    14      7       6       7       3      10    5     52
6143    11      9       4       7.5     4      2     4     41.5    
6345    9       4       1       8       4      6.5   0     34.5
6867    13      6       2       5       3      9     8     46
7724    9       4       9       6       4      3.5   3     38.5
7824    18      10      9       10      14     10    8     79      
8615    10      8       10      8       10     7.5   9     62.5
8747    6       1       1       5.5            3.5   2     19
8902    10              9       7.5            7     3     36.5
9243    0       3       1       0       0      0.5   4     8.5       
9575    7       6       1       4       3      5.5   1     27.5
9676    3       2       1       5       4                  15      

%% 

5013    3                                               3         
5811    8                                               8
7745    8                                               8
9514                                                    0
